6.757710000000000328e+00 3.915140000000000065e+00 5.322280000000000122e+00
6.710910000000000153e+00 6.694440000000000168e+00 4.549339999999999939e+00
6.922749999999999737e+00 4.344789999999999708e+00 4.001970000000000027e+00
6.940260000000000318e+00 5.680950000000000166e+00 3.562819999999999876e+00
5.148729999999999585e+00 8.426859999999999573e+00 8.547750000000000625e+00
6.628919999999999924e+00 4.965469999999999828e+00 6.267489999999999561e+00
6.566060000000000230e+00 6.310419999999999696e+00 5.868649999999999700e+00
5.885819999999999830e+00 3.673919999999999852e+00 8.134949999999999903e+00
4.295779999999999710e+00 6.495750000000000135e+00 7.556840000000000224e+00
7.709520000000000373e+00 4.833300000000000374e+00 8.317140000000000200e+00
6.597579999999999778e+00 4.570809999999999818e+00 7.655479999999999841e+00
5.102129999999999832e+00 7.382659999999999556e+00 7.469839999999999591e+00
6.285529999999999617e+00 7.272350000000000314e+00 6.793730000000000047e+00
7.495049999999999990e+00 4.438019999999999854e+00 9.267260000000000275e+00
6.685310000000000308e+00 2.890159999999999840e+00 5.534600000000000186e+00
6.775360000000000049e+00 7.784950000000000259e+00 4.309389999999999610e+00
7.013519999999999754e+00 3.497650000000000148e+00 3.337180000000000035e+00
6.947790000000000354e+00 5.848869999999999791e+00 2.453300000000000036e+00
4.290479999999999627e+00 9.109840000000000160e+00 8.433389999999999276e+00
5.018379999999999619e+00 7.972999999999999865e+00 9.546699999999999520e+00
6.064479999999999649e+00 9.046969999999999956e+00 8.597849999999999326e+00
6.768189999999999706e+00 3.902280000000000193e+00 5.305310000000000414e+00
6.716289999999999871e+00 6.680979999999999919e+00 4.529420000000000002e+00
6.921219999999999928e+00 4.329150000000000276e+00 3.981059999999999821e+00
6.952749999999999986e+00 5.660989999999999966e+00 3.553290000000000060e+00
5.161360000000000170e+00 8.412850000000000605e+00 8.534660000000000579e+00
6.633219999999999672e+00 4.949779999999999625e+00 6.260600000000000165e+00
6.566440000000000055e+00 6.294369999999999798e+00 5.859670000000000378e+00
5.877819999999999823e+00 3.657449999999999868e+00 8.115669999999999717e+00
4.289670000000000094e+00 6.489160000000000039e+00 7.536190000000000389e+00
7.710329999999999906e+00 4.834760000000000169e+00 8.300700000000000855e+00
6.595600000000000129e+00 4.565710000000000157e+00 7.638449999999999740e+00
5.108830000000000204e+00 7.368710000000000093e+00 7.465840000000000032e+00
6.287219999999999587e+00 7.264639999999999986e+00 6.772639999999999993e+00
7.486819999999999808e+00 4.423259999999999970e+00 9.259410000000000807e+00
6.684989999999999988e+00 2.897899999999999920e+00 5.531589999999999563e+00
6.812820000000000320e+00 7.780739999999999768e+00 4.302270000000000039e+00
7.014990000000000059e+00 3.452690000000000037e+00 3.330999999999999961e+00
6.946100000000000385e+00 5.851650000000000240e+00 2.458919999999999995e+00
4.301210000000000200e+00 9.102100000000000080e+00 8.414400000000000546e+00
5.005080000000000418e+00 7.976499999999999702e+00 9.541079999999999117e+00
6.079119999999999635e+00 9.033360000000000056e+00 8.623950000000000671e+00
6.781320000000000014e+00 3.904430000000000067e+00 5.287399999999999878e+00
6.725200000000000067e+00 6.678980000000000139e+00 4.508029999999999760e+00
6.922500000000000320e+00 4.323929999999999829e+00 3.959649999999999892e+00
6.967279999999999696e+00 5.652829999999999799e+00 3.543660000000000032e+00
5.176700000000000301e+00 8.411550000000000082e+00 8.521290000000000475e+00
6.639859999999999651e+00 4.945479999999999876e+00 6.252060000000000173e+00
6.569209999999999994e+00 6.289380000000000415e+00 5.849879999999999747e+00
5.872359999999999580e+00 3.653270000000000017e+00 8.095380000000000464e+00
4.285829999999999806e+00 6.493730000000000224e+00 7.514359999999999928e+00
7.714170000000000194e+00 4.848469999999999835e+00 8.285180000000000433e+00
6.595909999999999940e+00 4.568660000000000387e+00 7.622639999999999638e+00
5.119019999999999904e+00 7.365440000000000431e+00 7.463000000000000078e+00
6.291990000000000194e+00 7.269210000000000171e+00 6.751170000000000115e+00
7.486299999999999955e+00 4.423160000000000203e+00 9.237780000000000769e+00
6.687680000000000291e+00 2.893590000000000106e+00 5.536089999999999733e+00
6.848440000000000083e+00 7.780319999999999681e+00 4.294669999999999987e+00
7.019820000000000171e+00 3.422099999999999920e+00 3.315560000000000063e+00
6.950569999999999915e+00 5.868159999999999599e+00 2.467459999999999987e+00
4.314659999999999940e+00 9.106410000000000338e+00 8.394090000000000273e+00
4.994119999999999671e+00 7.987350000000000172e+00 9.532539999999999125e+00
6.096040000000000347e+00 9.029659999999999798e+00 8.644940000000000069e+00
6.794330000000000425e+00 3.919000000000000039e+00 5.271429999999999616e+00
6.735019999999999563e+00 6.686180000000000234e+00 4.488419999999999632e+00
6.924089999999999634e+00 4.326520000000000366e+00 3.940399999999999903e+00
6.981119999999999770e+00 5.654650000000000176e+00 3.536610000000000031e+00
5.191959999999999908e+00 8.420970000000000510e+00 8.510579999999999146e+00
6.646189999999999820e+00 4.950700000000000323e+00 6.244119999999999671e+00
6.571810000000000151e+00 6.293549999999999756e+00 5.841540000000000177e+00
5.867090000000000138e+00 3.659499999999999975e+00 8.076739999999999142e+00
4.281830000000000247e+00 6.507500000000000284e+00 7.494049999999999656e+00
7.718169999999999753e+00 4.872160000000000046e+00 8.273220000000000240e+00
6.595839999999999925e+00 4.577350000000000030e+00 7.610970000000000013e+00
5.129970000000000141e+00 7.370619999999999727e+00 7.463700000000000223e+00
6.297109999999999985e+00 7.283929999999999794e+00 6.732070000000000221e+00
7.491259999999999586e+00 4.436589999999999812e+00 9.205590000000000828e+00
6.691290000000000404e+00 2.880079999999999973e+00 5.548949999999999605e+00
6.879069999999999574e+00 7.781170000000000364e+00 4.288610000000000255e+00
7.024759999999999671e+00 3.408409999999999940e+00 3.296030000000000015e+00
6.959060000000000024e+00 5.895920000000000272e+00 2.477100000000000080e+00
4.329640000000000377e+00 9.119920000000000471e+00 8.374940000000000495e+00
4.982990000000000030e+00 8.003360000000000696e+00 9.522899999999999920e+00
6.112090000000000245e+00 9.033099999999999241e+00 8.662290000000000489e+00
6.807100000000000151e+00 3.938689999999999802e+00 5.259999999999999787e+00
6.745779999999999887e+00 6.696200000000000152e+00 4.473370000000000068e+00
6.926079999999999792e+00 4.330510000000000304e+00 3.925469999999999793e+00
6.994270000000000209e+00 5.660540000000000127e+00 3.534409999999999830e+00
5.207049999999999734e+00 8.435069999999999624e+00 8.505010000000000403e+00
6.652219999999999800e+00 4.959559999999999746e+00 6.238819999999999588e+00
6.574300000000000033e+00 6.300970000000000404e+00 5.836570000000000036e+00
5.862180000000000391e+00 3.670129999999999892e+00 8.061970000000000525e+00
4.277840000000000309e+00 6.524589999999999890e+00 7.477520000000000167e+00
7.722159999999999691e+00 4.899720000000000297e+00 8.266840000000000188e+00
6.595410000000000217e+00 4.585670000000000357e+00 7.605710000000000193e+00
5.141589999999999883e+00 7.378059999999999619e+00 7.469949999999999868e+00
6.302509999999999835e+00 7.302649999999999864e+00 6.717640000000000278e+00
7.501619999999999955e+00 4.457209999999999894e+00 9.168850000000000833e+00
6.697070000000000078e+00 2.863830000000000098e+00 5.568489999999999718e+00
6.904709999999999681e+00 7.778789999999999871e+00 4.285400000000000098e+00
7.029329999999999856e+00 3.408819999999999961e+00 3.276759999999999895e+00
6.971989999999999910e+00 5.928519999999999790e+00 2.486159999999999926e+00
4.347190000000000332e+00 9.136169999999999902e+00 8.358980000000000743e+00
4.971820000000000128e+00 8.018689999999999429e+00 9.513840000000000074e+00
6.127329999999999721e+00 9.037309999999999732e+00 8.677550000000000097e+00
6.819429999999999659e+00 3.955799999999999983e+00 5.254529999999999923e+00
6.757380000000000386e+00 6.702309999999999768e+00 4.464509999999999756e+00
6.928510000000000169e+00 4.329509999999999970e+00 3.915950000000000042e+00
7.006660000000000110e+00 5.664259999999999629e+00 3.537999999999999812e+00
5.221809999999999619e+00 8.447380000000000777e+00 8.505779999999999674e+00
6.657890000000000086e+00 4.965889999999999915e+00 6.237210000000000143e+00
6.576719999999999899e+00 6.305519999999999570e+00 5.835790000000000255e+00
5.857739999999999725e+00 3.678799999999999848e+00 8.052239999999999398e+00
4.274060000000000414e+00 6.538809999999999789e+00 7.465910000000000046e+00
7.725939999999999586e+00 4.924750000000000405e+00 8.266740000000000421e+00
6.594719999999999693e+00 4.587519999999999598e+00 7.607719999999999594e+00
5.153710000000000235e+00 7.381319999999999659e+00 7.482459999999999667e+00
6.308049999999999713e+00 7.318939999999999557e+00 6.709039999999999893e+00
7.516580000000000261e+00 4.476829999999999643e+00 9.135790000000000077e+00
6.706279999999999575e+00 2.851160000000000139e+00 5.591429999999999900e+00
6.925589999999999691e+00 7.770209999999999617e+00 4.284989999999999633e+00
7.033190000000000275e+00 3.418210000000000193e+00 3.260149999999999881e+00
6.989539999999999864e+00 5.958829999999999849e+00 2.493619999999999948e+00
4.367639999999999745e+00 9.148839999999999861e+00 8.347139999999999560e+00
4.960869999999999891e+00 8.027390000000000470e+00 9.506380000000000052e+00
6.142339999999999911e+00 9.036129999999999995e+00 8.691480000000000317e+00
6.831170000000000186e+00 3.964879999999999960e+00 5.254749999999999588e+00
6.769700000000000273e+00 6.699639999999999596e+00 4.461839999999999584e+00
6.931379999999999875e+00 4.319289999999999630e+00 3.911369999999999791e+00
7.018259999999999721e+00 5.661389999999999922e+00 3.546549999999999869e+00
5.236080000000000290e+00 8.453200000000000713e+00 8.512449999999999406e+00
6.663149999999999906e+00 4.965340000000000309e+00 6.238889999999999603e+00
6.579069999999999752e+00 6.302929999999999922e+00 5.838519999999999932e+00
5.853760000000000296e+00 3.680930000000000035e+00 8.047150000000000247e+00
4.270649999999999835e+00 6.545849999999999724e+00 7.458800000000000097e+00
7.729350000000000165e+00 4.942829999999999835e+00 8.271879999999999455e+00
6.593910000000000160e+00 4.578820000000000334e+00 7.616119999999999557e+00
5.166129999999999889e+00 7.375899999999999679e+00 7.500409999999999577e+00
6.313629999999999853e+00 7.328210000000000335e+00 6.705790000000000362e+00
7.534900000000000375e+00 4.487899999999999778e+00 9.115090000000000359e+00
6.719710000000000072e+00 2.845969999999999889e+00 5.613949999999999996e+00
6.942260000000000097e+00 7.755219999999999558e+00 4.285779999999999923e+00
7.036249999999999893e+00 3.431099999999999817e+00 3.245919999999999916e+00
7.011829999999999785e+00 5.981090000000000018e+00 2.499420000000000197e+00
4.390649999999999942e+00 9.154030000000000555e+00 8.338699999999999335e+00
4.950289999999999857e+00 8.025570000000000093e+00 9.500579999999999359e+00
6.158229999999999649e+00 9.025650000000000617e+00 8.703749999999999432e+00
6.842200000000000060e+00 3.962950000000000195e+00 5.258899999999999686e+00
6.782560000000000144e+00 6.685579999999999856e+00 4.463919999999999888e+00
6.934680000000000177e+00 4.298079999999999679e+00 3.910050000000000026e+00
7.028999999999999915e+00 5.649569999999999759e+00 3.557760000000000034e+00
5.249710000000000321e+00 8.449899999999999523e+00 8.523110000000000852e+00
6.667919999999999625e+00 4.955689999999999706e+00 6.242270000000000429e+00
6.581339999999999968e+00 6.291129999999999889e+00 5.842869999999999564e+00
5.850139999999999674e+00 3.673979999999999801e+00 8.045070000000000832e+00
4.267750000000000377e+00 6.543520000000000003e+00 7.454469999999999708e+00
7.732249999999999623e+00 4.951609999999999623e+00 8.279949999999999477e+00
6.593259999999999899e+00 4.557890000000000441e+00 7.628499999999999837e+00
5.178639999999999688e+00 7.359539999999999971e+00 7.521580000000000155e+00
6.319110000000000227e+00 7.327969999999999651e+00 6.706120000000000303e+00
7.555369999999999919e+00 4.485019999999999563e+00 9.113189999999999458e+00
6.737580000000000346e+00 2.849629999999999885e+00 5.632139999999999702e+00
6.955219999999999736e+00 7.735389999999999766e+00 4.285120000000000040e+00
7.038660000000000139e+00 3.441930000000000156e+00 3.231390000000000207e+00
7.038669999999999760e+00 5.991130000000000067e+00 2.504259999999999931e+00
4.415309999999999846e+00 9.150370000000000559e+00 8.331619999999999138e+00
4.940299999999999692e+00 8.011620000000000630e+00 9.495739999999999625e+00
6.176319999999999588e+00 9.004350000000000520e+00 8.713079999999999714e+00
6.852610000000000312e+00 3.949460000000000193e+00 5.264429999999999943e+00
6.796000000000000263e+00 6.659690000000000332e+00 4.468580000000000219e+00
6.938449999999999562e+00 4.266110000000000291e+00 3.909749999999999837e+00
7.039049999999999585e+00 5.628309999999999924e+00 3.568789999999999907e+00
5.262789999999999857e+00 8.436840000000000117e+00 8.535310000000000841e+00
6.672229999999999883e+00 4.936639999999999695e+00 6.245250000000000412e+00
6.583560000000000301e+00 6.269969999999999821e+00 5.846429999999999794e+00
5.846669999999999590e+00 3.657309999999999839e+00 8.043739999999999668e+00
4.265520000000000422e+00 6.531659999999999577e+00 7.450529999999999653e+00
7.734479999999999578e+00 4.950840000000000352e+00 8.288410000000000721e+00
6.593169999999999753e+00 4.525030000000000108e+00 7.641910000000000203e+00
5.191230000000000011e+00 7.331940000000000346e+00 7.543409999999999727e+00
6.324489999999999945e+00 7.317840000000000344e+00 6.707589999999999719e+00
7.577960000000000029e+00 4.467340000000000089e+00 9.130390000000000228e+00
6.759909999999999641e+00 2.861320000000000086e+00 5.643119999999999692e+00
6.964999999999999858e+00 7.711999999999999744e+00 4.280260000000000176e+00
7.040840000000000209e+00 3.445889999999999898e+00 3.212200000000000166e+00
7.070039999999999658e+00 5.986939999999999706e+00 2.509110000000000174e+00
4.440850000000000186e+00 9.138680000000000803e+00 8.323119999999999408e+00
4.930930000000000035e+00 7.985990000000000144e+00 9.490890000000000271e+00
6.198010000000000019e+00 8.972459999999999880e+00 8.717980000000000729e+00
6.862379999999999924e+00 3.926629999999999843e+00 5.268690000000000317e+00
6.809859999999999580e+00 6.624500000000000277e+00 4.473559999999999981e+00
6.942700000000000315e+00 4.226469999999999949e+00 3.908349999999999991e+00
7.048440000000000261e+00 5.599610000000000198e+00 3.576760000000000161e+00
5.275269999999999904e+00 8.415860000000000340e+00 8.546440000000000481e+00
6.676079999999999792e+00 4.910429999999999851e+00 6.245790000000000397e+00
6.585770000000000124e+00 6.241859999999999964e+00 5.846960000000000157e+00
5.843140000000000001e+00 3.632709999999999884e+00 8.041079999999999117e+00
4.264129999999999754e+00 6.512480000000000047e+00 7.444759999999999600e+00
7.735870000000000246e+00 4.942249999999999588e+00 8.295109999999999317e+00
6.594129999999999825e+00 4.483460000000000001e+00 7.653240000000000265e+00
5.203689999999999927e+00 7.295569999999999666e+00 7.563019999999999854e+00
6.329679999999999751e+00 7.299800000000000288e+00 6.707840000000000025e+00
7.603049999999999642e+00 4.440039999999999765e+00 9.159919999999999618e+00
6.785949999999999704e+00 2.878039999999999932e+00 5.645439999999999792e+00
6.971510000000000318e+00 7.686149999999999594e+00 4.269330000000000069e+00
7.043230000000000324e+00 3.440170000000000172e+00 3.184379999999999988e+00
7.105120000000000324e+00 5.969000000000000306e+00 2.514600000000000168e+00
4.466230000000000366e+00 9.121959999999999624e+00 8.310779999999999390e+00
4.922439999999999927e+00 7.951979999999999826e+00 9.485400000000000276e+00
6.223650000000000126e+00 8.932639999999999247e+00 8.717079999999999274e+00
6.871590000000000309e+00 3.899690000000000101e+00 5.269560000000000244e+00
6.824110000000000120e+00 6.585300000000000153e+00 4.477140000000000342e+00
6.947460000000000413e+00 4.184590000000000032e+00 3.904310000000000169e+00
7.057260000000000311e+00 5.567919999999999980e+00 3.579730000000000079e+00
5.287209999999999965e+00 8.391410000000000480e+00 8.554650000000000531e+00
6.679509999999999614e+00 4.881780000000000008e+00 6.242560000000000109e+00
6.587979999999999947e+00 6.211710000000000065e+00 5.842979999999999841e+00
5.839299999999999713e+00 3.604499999999999815e+00 8.035700000000000287e+00
4.263729999999999798e+00 6.490730000000000111e+00 7.435640000000000249e+00
7.736270000000000202e+00 4.930109999999999992e+00 8.298859999999999459e+00
6.596720000000000361e+00 4.438880000000000159e+00 7.660210000000000186e+00
5.215919999999999668e+00 7.255460000000000242e+00 7.578400000000000247e+00
6.334679999999999644e+00 7.278410000000000046e+00 6.705210000000000115e+00
7.630930000000000213e+00 4.412759999999999572e+00 9.191890000000000782e+00
6.814799999999999969e+00 2.894740000000000091e+00 5.640310000000000379e+00
6.974490000000000300e+00 7.659069999999999823e+00 4.251839999999999620e+00
7.046140000000000292e+00 3.426340000000000163e+00 3.145989999999999842e+00
7.143080000000000318e+00 5.941089999999999982e+00 2.520849999999999813e+00
4.491130000000000067e+00 9.105259999999999465e+00 8.292970000000000397e+00
4.915060000000000429e+00 7.915560000000000151e+00 9.479150000000000631e+00
6.252679999999999794e+00 8.889499999999999957e+00 8.709720000000000795e+00
6.880320000000000213e+00 3.876510000000000122e+00 5.265859999999999985e+00
6.838729999999999976e+00 6.549730000000000274e+00 4.478480000000000238e+00
6.952799999999999869e+00 4.147899999999999920e+00 3.896850000000000147e+00
7.065629999999999633e+00 5.539889999999999759e+00 3.576950000000000074e+00
5.298720000000000319e+00 8.370329999999999160e+00 8.559139999999999304e+00
6.682570000000000121e+00 4.857689999999999841e+00 6.235210000000000363e+00
6.590200000000000280e+00 6.186670000000000336e+00 5.834139999999999660e+00
5.834880000000000067e+00 3.579320000000000057e+00 8.027160000000000295e+00
4.264409999999999812e+00 6.473469999999999835e+00 7.422620000000000218e+00
7.735590000000000188e+00 4.921079999999999899e+00 8.299490000000000478e+00
6.601409999999999556e+00 4.399160000000000181e+00 7.661710000000000242e+00
5.227829999999999977e+00 7.218919999999999781e+00 7.588619999999999699e+00
6.339480000000000004e+00 7.260550000000000281e+00 6.699049999999999727e+00
7.661030000000000229e+00 4.396910000000000096e+00 9.217589999999999506e+00
6.845509999999999984e+00 2.904840000000000089e+00 5.631750000000000256e+00
6.973700000000000010e+00 7.633460000000000356e+00 4.228769999999999918e+00
7.049590000000000245e+00 3.411119999999999930e+00 3.098629999999999995e+00
7.183099999999999596e+00 5.910059999999999647e+00 2.527359999999999829e+00
4.516000000000000014e+00 9.095159999999999911e+00 8.269399999999999196e+00
4.909060000000000201e+00 7.885180000000000078e+00 9.472640000000000171e+00
6.283509999999999707e+00 8.849460000000000548e+00 8.696239999999999526e+00
6.888609999999999900e+00 3.864889999999999937e+00 5.257520000000000415e+00
6.853629999999999889e+00 6.525369999999999671e+00 4.477669999999999817e+00
6.958739999999999704e+00 4.123579999999999579e+00 3.886070000000000135e+00
7.073620000000000019e+00 5.522160000000000402e+00 3.568979999999999819e+00
5.309859999999999580e+00 8.359469999999999956e+00 8.560180000000000788e+00
6.685299999999999798e+00 4.845089999999999897e+00 6.224440000000000417e+00
6.592410000000000103e+00 6.173790000000000333e+00 5.821240000000000414e+00
5.829690000000000261e+00 3.563909999999999911e+00 8.016069999999999141e+00
4.266200000000000436e+00 6.467629999999999768e+00 7.406259999999999621e+00
7.733799999999999564e+00 4.921859999999999680e+00 8.297739999999999227e+00
6.608469999999999622e+00 4.371999999999999886e+00 7.657790000000000319e+00
5.239340000000000330e+00 7.193319999999999936e+00 7.593860000000000277e+00
6.344059999999999810e+00 7.253059999999999619e+00 6.689779999999999838e+00
7.691799999999999748e+00 4.402099999999999902e+00 9.231640000000000512e+00
6.877469999999999750e+00 2.902559999999999807e+00 5.624900000000000233e+00
6.969170000000000087e+00 7.612709999999999866e+00 4.202329999999999899e+00
7.053289999999999615e+00 3.403350000000000097e+00 3.047499999999999876e+00
7.224350000000000271e+00 5.883580000000000254e+00 2.533079999999999998e+00
4.541820000000000412e+00 9.097440000000000637e+00 8.241199999999999193e+00
4.904819999999999958e+00 7.869320000000000093e+00 9.466920000000000002e+00
6.313900000000000290e+00 8.818780000000000285e+00 8.678050000000000708e+00
6.896440000000000126e+00 3.867659999999999876e+00 5.245700000000000252e+00
6.868769999999999598e+00 6.515310000000000379e+00 4.475620000000000154e+00
6.965320000000000178e+00 4.114390000000000214e+00 3.872869999999999813e+00
7.081299999999999706e+00 5.517100000000000115e+00 3.557459999999999845e+00
5.320730000000000182e+00 8.361470000000000624e+00 8.558970000000000411e+00
6.687730000000000175e+00 4.846589999999999954e+00 6.211759999999999948e+00
6.594560000000000421e+00 6.175790000000000113e+00 5.806020000000000181e+00
5.823719999999999786e+00 3.560890000000000111e+00 8.003840000000000288e+00
4.269059999999999633e+00 6.475889999999999702e+00 7.387979999999999769e+00
7.730940000000000367e+00 4.935089999999999755e+00 8.295099999999999696e+00
6.617950000000000443e+00 4.360450000000000159e+00 7.649670000000000414e+00
5.250379999999999825e+00 7.181700000000000195e+00 7.595309999999999562e+00
6.348399999999999821e+00 7.258560000000000123e+00 6.678740000000000343e+00
7.721350000000000158e+00 4.431689999999999685e+00 9.232450000000000045e+00
6.910650000000000404e+00 2.886750000000000149e+00 5.622790000000000177e+00
6.961280000000000356e+00 7.597640000000000171e+00 4.175360000000000404e+00
7.056949999999999612e+00 3.408339999999999925e+00 2.999499999999999833e+00
7.266370000000000218e+00 5.865709999999999980e+00 2.536519999999999886e+00
4.569880000000000386e+00 9.113250000000000739e+00 8.210589999999999833e+00
4.902730000000000032e+00 7.872160000000000046e+00 9.463480000000000558e+00
6.341680000000000206e+00 8.799519999999999342e+00 8.657489999999999242e+00
6.893570000000000420e+00 3.880689999999999973e+00 5.232630000000000337e+00
6.873770000000000380e+00 6.516519999999999868e+00 4.473690000000000389e+00
6.962320000000000064e+00 4.117169999999999774e+00 3.858779999999999877e+00
7.078450000000000131e+00 5.521200000000000330e+00 3.544770000000000199e+00
5.321110000000000007e+00 8.372939999999999827e+00 8.557249999999999801e+00
6.679719999999999658e+00 4.858780000000000321e+00 6.199290000000000411e+00
6.586400000000000254e+00 6.189300000000000246e+00 5.790930000000000355e+00
5.806989999999999874e+00 3.567149999999999821e+00 7.992409999999999570e+00
4.262730000000000352e+00 6.494769999999999932e+00 7.369819999999999816e+00
7.716899999999999871e+00 4.957399999999999807e+00 8.293350000000000222e+00
6.619279999999999831e+00 4.361379999999999590e+00 7.639280000000000292e+00
5.250639999999999752e+00 7.181210000000000093e+00 7.594710000000000072e+00
6.342290000000000205e+00 7.273600000000000065e+00 6.667849999999999611e+00
7.737269999999999648e+00 4.480830000000000091e+00 9.221930000000000405e+00
6.934490000000000265e+00 2.862439999999999873e+00 5.624539999999999651e+00
6.940699999999999648e+00 7.585420000000000051e+00 4.150929999999999787e+00
7.050159999999999982e+00 3.424630000000000063e+00 2.961609999999999854e+00
7.298329999999999984e+00 5.855109999999999815e+00 2.536109999999999864e+00
4.590779999999999639e+00 9.137560000000000571e+00 8.180659999999999599e+00
4.892990000000000173e+00 7.891549999999999621e+00 9.463889999999999247e+00
6.354860000000000397e+00 8.788299999999999557e+00 8.637570000000000192e+00
6.887559999999999683e+00 3.896479999999999944e+00 5.220390000000000086e+00
6.876089999999999591e+00 6.522669999999999746e+00 4.472929999999999851e+00
6.957250000000000156e+00 4.125680000000000014e+00 3.845180000000000042e+00
7.072630000000000194e+00 5.528019999999999712e+00 3.532950000000000035e+00
5.318559999999999732e+00 8.387480000000000047e+00 8.556530000000000413e+00
6.668879999999999697e+00 4.875180000000000291e+00 6.188719999999999999e+00
6.575420000000000265e+00 6.207910000000000039e+00 5.778010000000000090e+00
5.787429999999999630e+00 3.576690000000000147e+00 7.983290000000000219e+00
4.254669999999999952e+00 6.517850000000000144e+00 7.353449999999999598e+00
7.699279999999999902e+00 4.982639999999999958e+00 8.293810000000000571e+00
6.619460000000000122e+00 4.368299999999999628e+00 7.628470000000000084e+00
5.247639999999999638e+00 7.185900000000000176e+00 7.593639999999999723e+00
6.333269999999999733e+00 7.291820000000000412e+00 6.658710000000000129e+00
7.745330000000000048e+00 4.539970000000000283e+00 9.205159999999999343e+00
6.955770000000000231e+00 2.837149999999999839e+00 5.626900000000000013e+00
6.915919999999999845e+00 7.572230000000000238e+00 4.131000000000000227e+00
7.040470000000000006e+00 3.446499999999999897e+00 2.938379999999999992e+00
7.327480000000000437e+00 5.847199999999999953e+00 2.530759999999999899e+00
4.612549999999999706e+00 9.162850000000000605e+00 8.153879999999999129e+00
4.883399999999999963e+00 7.921990000000000087e+00 9.469239999999999213e+00
6.360330000000000261e+00 8.779040000000000177e+00 8.620879999999999654e+00
6.883930000000000327e+00 3.908150000000000013e+00 5.210149999999999615e+00
6.881079999999999863e+00 6.527669999999999639e+00 4.473519999999999719e+00
6.955510000000000304e+00 4.134109999999999729e+00 3.832770000000000010e+00
7.069370000000000154e+00 5.531699999999999839e+00 3.522990000000000066e+00
5.318550000000000111e+00 8.399060000000000414e+00 8.557389999999999830e+00
6.660739999999999661e+00 4.889689999999999870e+00 6.180780000000000385e+00
6.567040000000000433e+00 6.225539999999999630e+00 5.768410000000000259e+00
5.770979999999999777e+00 3.584049999999999958e+00 7.976980000000000182e+00
4.250189999999999912e+00 6.539049999999999585e+00 7.339590000000000281e+00
7.683600000000000207e+00 5.005169999999999675e+00 8.296590000000000131e+00
6.623199999999999754e+00 4.374939999999999607e+00 7.618249999999999744e+00
5.246789999999999843e+00 7.190220000000000056e+00 7.592819999999999681e+00
6.326789999999999914e+00 7.307269999999999932e+00 6.652020000000000266e+00
7.749810000000000088e+00 4.598189999999999777e+00 9.189980000000000260e+00
6.978629999999999889e+00 2.817340000000000177e+00 5.626290000000000013e+00
6.893440000000000012e+00 7.556499999999999773e+00 4.115809999999999746e+00
7.033559999999999590e+00 3.467150000000000176e+00 2.930950000000000166e+00
7.358600000000000030e+00 5.837279999999999802e+00 2.520420000000000105e+00
4.640329999999999622e+00 9.182660000000000267e+00 8.131500000000000838e+00
4.879450000000000287e+00 7.957849999999999646e+00 9.479580000000000339e+00
6.364020000000000010e+00 8.766569999999999752e+00 8.609030000000000626e+00
6.883020000000000138e+00 3.911290000000000155e+00 5.201670000000000016e+00
6.888989999999999725e+00 6.527239999999999931e+00 4.474479999999999791e+00
6.957300000000000040e+00 4.138609999999999900e+00 3.821289999999999853e+00
7.069060000000000343e+00 5.528430000000000177e+00 3.514429999999999943e+00
5.321419999999999817e+00 8.403600000000000847e+00 8.559250000000000469e+00
6.655669999999999753e+00 4.898130000000000095e+00 6.174870000000000303e+00
6.561510000000000176e+00 6.238050000000000317e+00 5.761910000000000309e+00
5.758449999999999847e+00 3.585710000000000175e+00 7.972710000000000186e+00
4.249419999999999753e+00 6.554299999999999571e+00 7.327670000000000350e+00
7.670119999999999827e+00 5.021379999999999733e+00 8.300489999999999924e+00
6.630010000000000403e+00 4.376909999999999634e+00 7.608520000000000394e+00
5.248409999999999798e+00 7.190470000000000361e+00 7.591809999999999725e+00
6.323179999999999801e+00 7.315979999999999706e+00 6.647210000000000285e+00
7.750580000000000247e+00 4.645950000000000024e+00 9.185169999999999391e+00
7.002089999999999925e+00 2.806680000000000064e+00 5.619720000000000049e+00
6.874349999999999739e+00 7.539220000000000255e+00 4.103790000000000049e+00
7.030100000000000016e+00 3.480300000000000171e+00 2.936570000000000125e+00
7.390880000000000116e+00 5.821830000000000283e+00 2.506250000000000089e+00
4.673510000000000275e+00 9.193319999999999936e+00 8.113039999999999807e+00
4.881219999999999892e+00 7.994889999999999830e+00 9.493750000000000355e+00
6.367729999999999890e+00 8.747889999999999944e+00 8.602159999999999584e+00
6.885060000000000180e+00 3.903779999999999806e+00 5.193789999999999907e+00
6.899919999999999831e+00 6.519059999999999633e+00 4.474129999999999718e+00
6.962690000000000268e+00 4.137150000000000105e+00 3.809930000000000039e+00
7.072049999999999947e+00 5.516449999999999854e+00 3.505869999999999820e+00
5.327379999999999782e+00 8.398889999999999745e+00 8.560719999999999885e+00
6.653970000000000162e+00 4.898170000000000357e+00 6.169579999999999842e+00
6.559020000000000294e+00 6.243089999999999584e+00 5.757410000000000139e+00
5.750530000000000364e+00 3.579990000000000006e+00 7.968950000000000422e+00
4.252379999999999605e+00 6.561340000000000394e+00 7.316379999999999661e+00
7.659040000000000070e+00 5.029399999999999871e+00 8.303599999999999426e+00
6.639300000000000423e+00 4.371760000000000090e+00 7.598399999999999821e+00
5.252659999999999663e+00 7.184809999999999697e+00 7.589409999999999989e+00
6.322639999999999816e+00 7.315879999999999939e+00 6.642960000000000420e+00
7.747620000000000395e+00 4.676949999999999719e+00 9.196450000000000458e+00
7.025179999999999758e+00 2.806319999999999926e+00 5.605039999999999800e+00
6.859530000000000349e+00 7.522450000000000081e+00 4.092559999999999754e+00
7.030829999999999913e+00 3.480389999999999873e+00 2.949570000000000025e+00
7.422780000000000378e+00 5.798799999999999955e+00 2.490190000000000126e+00
4.710770000000000124e+00 9.193680000000000518e+00 8.096909999999999386e+00
4.888440000000000119e+00 8.030200000000000671e+00 9.509809999999999874e+00
6.373739999999999739e+00 8.722020000000000550e+00 8.599449999999999150e+00
6.890410000000000146e+00 3.885879999999999779e+00 5.185150000000000148e+00
6.914109999999999978e+00 6.502919999999999590e+00 4.470769999999999911e+00
6.971919999999999895e+00 4.129590000000000316e+00 3.797950000000000159e+00
7.078899999999999970e+00 5.496030000000000193e+00 3.495769999999999822e+00
5.336870000000000225e+00 8.384679999999999467e+00 8.560370000000000701e+00
6.656119999999999592e+00 4.889429999999999943e+00 6.163339999999999819e+00
6.559999999999999609e+00 6.240190000000000126e+00 5.753580000000000361e+00
5.748039999999999594e+00 3.567060000000000120e+00 7.964120000000000310e+00
4.259269999999999889e+00 6.559870000000000090e+00 7.304299999999999571e+00
7.650839999999999641e+00 5.029029999999999667e+00 8.304360000000000852e+00
6.650780000000000136e+00 4.358990000000000364e+00 7.586899999999999977e+00
5.259920000000000151e+00 7.173239999999999839e+00 7.584360000000000213e+00
6.325599999999999667e+00 7.306849999999999845e+00 6.637809999999999988e+00
7.740730000000000111e+00 4.690179999999999794e+00 9.221809999999999619e+00
7.047539999999999694e+00 2.815059999999999896e+00 5.581610000000000404e+00
6.849969999999999892e+00 7.507649999999999935e+00 4.080280000000000129e+00
7.036730000000000373e+00 3.463389999999999969e+00 2.962990000000000013e+00
7.452759999999999607e+00 5.768060000000000187e+00 2.474419999999999842e+00
4.750720000000000276e+00 9.184939999999999216e+00 8.081110000000000682e+00
4.900859999999999772e+00 8.062210000000000321e+00 9.525579999999999714e+00
6.384529999999999816e+00 8.689840000000000231e+00 8.599690000000000722e+00
6.899680000000000035e+00 3.860430000000000028e+00 5.174730000000000274e+00
6.932140000000000413e+00 6.481010000000000382e+00 4.463339999999999641e+00
6.985529999999999795e+00 4.117750000000000021e+00 3.785010000000000208e+00
7.090429999999999566e+00 5.469640000000000057e+00 3.483089999999999797e+00
5.350649999999999906e+00 8.363020000000000564e+00 8.557330000000000325e+00
6.662869999999999848e+00 4.873770000000000380e+00 6.155079999999999885e+00
6.565179999999999794e+00 6.231139999999999901e+00 5.749419999999999753e+00
5.751929999999999765e+00 3.549189999999999845e+00 7.957160000000000011e+00
4.270579999999999821e+00 6.551820000000000199e+00 7.290510000000000268e+00
7.646259999999999835e+00 5.022179999999999644e+00 8.302279999999999660e+00
6.664589999999999570e+00 4.340410000000000323e+00 7.573540000000000383e+00
5.270870000000000388e+00 7.157899999999999707e+00 7.575960000000000250e+00
6.332749999999999879e+00 7.291019999999999612e+00 6.630880000000000329e+00
7.729420000000000179e+00 4.689899999999999736e+00 9.252399999999999736e+00
7.069910000000000139e+00 2.829530000000000101e+00 5.550900000000000389e+00
6.846910000000000274e+00 7.495210000000000150e+00 4.066489999999999938e+00
7.048949999999999605e+00 3.428739999999999899e+00 2.971600000000000019e+00
7.480129999999999946e+00 5.731790000000000163e+00 2.460589999999999833e+00
4.792769999999999975e+00 9.170469999999999899e+00 8.064080000000000581e+00
4.918429999999999858e+00 8.091509999999999536e+00 9.539410000000000167e+00
6.402180000000000426e+00 8.653919999999999391e+00 8.601900000000000546e+00
6.913409999999999833e+00 3.833130000000000148e+00 5.162259999999999849e+00
6.954570000000000363e+00 6.458140000000000214e+00 4.451789999999999914e+00
7.004109999999999836e+00 4.105680000000000440e+00 3.771380000000000177e+00
7.107440000000000424e+00 5.442210000000000214e+00 3.467729999999999979e+00
5.369600000000000151e+00 8.338509999999999422e+00 8.551690000000000680e+00
6.674940000000000317e+00 4.855559999999999654e+00 6.144630000000000258e+00
6.575309999999999988e+00 6.220220000000000304e+00 5.744679999999999787e+00
5.763020000000000032e+00 3.531029999999999891e+00 7.947960000000000136e+00
4.286859999999999893e+00 6.541710000000000136e+00 7.274919999999999831e+00
7.645950000000000024e+00 5.013279999999999959e+00 8.297950000000000159e+00
6.681070000000000064e+00 4.320409999999999862e+00 7.558569999999999567e+00
5.286179999999999879e+00 7.143360000000000376e+00 7.564379999999999882e+00
6.344800000000000217e+00 7.273019999999999818e+00 6.622160000000000046e+00
7.713140000000000107e+00 4.683569999999999567e+00 9.278200000000000003e+00
7.094070000000000320e+00 2.844289999999999985e+00 5.516790000000000305e+00
6.851659999999999862e+00 7.485899999999999999e+00 4.052290000000000170e+00
7.068380000000000329e+00 3.381139999999999812e+00 2.974250000000000060e+00
7.504999999999999893e+00 5.694829999999999615e+00 2.449600000000000222e+00
4.837130000000000152e+00 9.155709999999999127e+00 8.045279999999999987e+00
4.941220000000000390e+00 8.121359999999999246e+00 9.550399999999999778e+00
6.427669999999999995e+00 8.618750000000000355e+00 8.605779999999999319e+00
6.931479999999999642e+00 3.812500000000000000e+00 5.148600000000000065e+00
6.981250000000000178e+00 6.441629999999999967e+00 4.437400000000000233e+00
7.027660000000000018e+00 4.099400000000000155e+00 3.758309999999999818e+00
7.130049999999999777e+00 5.421269999999999811e+00 3.450969999999999871e+00
5.393939999999999735e+00 8.318410000000000082e+00 8.544679999999999609e+00
6.692479999999999762e+00 4.841669999999999696e+00 6.133040000000000269e+00
6.590650000000000119e+00 6.214050000000000296e+00 5.740109999999999602e+00
5.781500000000000306e+00 3.519610000000000127e+00 7.937599999999999767e+00
4.308040000000000092e+00 6.536400000000000432e+00 7.258779999999999788e+00
7.650140000000000384e+00 5.009070000000000356e+00 8.292999999999999261e+00
6.700090000000000323e+00 4.305909999999999904e+00 7.543490000000000251e+00
5.305909999999999904e+00 7.136490000000000222e+00 7.551020000000000287e+00
6.361900000000000333e+00 7.259929999999999772e+00 6.612829999999999764e+00
7.691959999999999908e+00 4.679999999999999716e+00 9.291990000000000194e+00
7.122010000000000396e+00 2.852310000000000123e+00 5.485970000000000013e+00
6.865160000000000373e+00 7.482249999999999623e+00 4.040079999999999671e+00
7.094969999999999999e+00 3.331479999999999997e+00 2.974139999999999784e+00
7.527490000000000236e+00 5.665099999999999802e+00 2.441749999999999865e+00
4.883700000000000152e+00 9.147690000000000765e+00 8.025999999999999801e+00
4.968659999999999854e+00 8.156629999999999825e+00 9.558249999999999247e+00
6.460060000000000358e+00 8.591129999999999711e+00 8.611779999999999546e+00
6.953430000000000000e+00 3.805820000000000203e+00 5.135489999999999888e+00
7.011680000000000135e+00 6.437730000000000175e+00 4.422439999999999927e+00
7.055839999999999890e+00 4.103889999999999816e+00 3.747669999999999835e+00
7.157939999999999969e+00 5.413269999999999804e+00 3.435010000000000119e+00
5.423569999999999780e+00 8.309070000000000178e+00 8.538420000000000343e+00
6.715200000000000280e+00 4.838079999999999714e+00 6.122250000000000192e+00
6.611089999999999911e+00 6.218340000000000423e+00 5.737230000000000274e+00
5.807050000000000267e+00 3.520919999999999828e+00 7.928090000000000082e+00
4.333739999999999704e+00 6.541900000000000048e+00 7.244080000000000297e+00
7.658450000000000202e+00 5.015559999999999796e+00 8.289699999999999847e+00
6.721280000000000143e+00 4.302990000000000315e+00 7.530459999999999710e+00
5.329729999999999634e+00 7.143209999999999837e+00 7.538050000000000139e+00
6.383810000000000429e+00 7.257909999999999862e+00 6.604940000000000033e+00
7.666260000000000296e+00 4.686149999999999594e+00 9.291489999999999583e+00
7.155479999999999841e+00 2.848250000000000171e+00 5.464719999999999800e+00
6.887749999999999595e+00 7.486819999999999808e+00 4.032580000000000275e+00
7.128049999999999997e+00 3.291589999999999794e+00 2.977090000000000014e+00
7.548280000000000101e+00 5.649650000000000283e+00 2.436440000000000161e+00
4.932979999999999698e+00 9.151749999999999829e+00 8.008710000000000662e+00
4.999970000000000248e+00 8.201679999999999637e+00 9.563560000000000727e+00
6.497359999999999580e+00 8.576470000000000482e+00 8.621079999999999188e+00
6.961870000000000225e+00 3.814579999999999860e+00 5.125560000000000116e+00
7.028360000000000163e+00 6.447689999999999699e+00 4.409839999999999982e+00
7.071299999999999919e+00 4.119279999999999831e+00 3.741830000000000211e+00
7.173680000000000057e+00 5.419730000000000381e+00 3.422639999999999905e+00
5.441300000000000026e+00 8.312079999999999913e+00 8.535560000000000258e+00
6.725769999999999804e+00 4.845959999999999823e+00 6.114760000000000417e+00
6.619449999999999612e+00 6.233979999999999855e+00 5.738059999999999938e+00
5.822189999999999976e+00 3.535989999999999966e+00 7.922019999999999840e+00
4.346540000000000070e+00 6.559400000000000119e+00 7.233410000000000117e+00
7.653459999999999930e+00 5.033890000000000420e+00 8.290670000000000428e+00
6.727409999999999890e+00 4.312940000000000218e+00 7.522059999999999746e+00
5.340259999999999785e+00 7.164489999999999803e+00 7.528179999999999872e+00
6.393229999999999968e+00 7.268239999999999590e+00 6.601079999999999615e+00
7.620260000000000034e+00 4.703369999999999607e+00 9.278760000000000119e+00
7.177380000000000315e+00 2.832050000000000178e+00 5.456129999999999924e+00
6.902479999999999727e+00 7.499039999999999928e+00 4.032280000000000086e+00
7.149879999999999569e+00 3.268549999999999844e+00 2.988890000000000047e+00
7.551599999999999646e+00 5.650830000000000020e+00 2.432459999999999845e+00
4.968709999999999738e+00 9.167949999999999378e+00 7.996679999999999566e+00
5.017339999999999911e+00 8.255910000000000082e+00 9.567539999999999267e+00
6.520450000000000301e+00 8.575210000000000221e+00 8.635229999999999961e+00
6.966260000000000119e+00 3.833619999999999806e+00 5.121610000000000440e+00
7.040390000000000370e+00 6.466990000000000016e+00 4.402499999999999858e+00
7.083289999999999864e+00 4.140380000000000393e+00 3.743110000000000159e+00
7.186420000000000030e+00 5.436449999999999783e+00 3.416589999999999794e+00
5.456479999999999997e+00 8.323420000000000485e+00 8.538600000000000634e+00
6.733419999999999739e+00 4.860970000000000013e+00 6.113019999999999676e+00
6.625189999999999912e+00 6.256210000000000271e+00 5.744449999999999612e+00
5.835899999999999643e+00 3.560179999999999900e+00 7.921920000000000073e+00
4.355649999999999800e+00 6.584450000000000358e+00 7.229199999999999626e+00
7.644350000000000200e+00 5.059660000000000046e+00 8.298120000000000829e+00
6.727979999999999627e+00 4.331559999999999633e+00 7.520660000000000345e+00
5.346669999999999590e+00 7.195619999999999905e+00 7.523930000000000007e+00
6.399499999999999744e+00 7.286590000000000344e+00 6.603690000000000282e+00
7.565339999999999954e+00 4.726670000000000371e+00 9.259410000000000807e+00
7.194890000000000008e+00 2.809299999999999908e+00 5.459340000000000082e+00
6.918720000000000425e+00 7.514680000000000248e+00 4.040740000000000443e+00
7.169270000000000032e+00 3.262459999999999916e+00 3.013529999999999820e+00
7.548379999999999868e+00 5.665300000000000225e+00 2.428389999999999826e+00
5.001190000000000246e+00 9.190699999999999648e+00 7.993079999999999963e+00
5.029469999999999885e+00 8.313010000000000232e+00 9.571609999999999729e+00
6.537289999999999601e+00 8.582330000000000680e+00 8.655540000000000234e+00
6.970760000000000289e+00 3.854760000000000186e+00 5.125449999999999839e+00
7.051449999999999996e+00 6.488330000000000375e+00 4.402269999999999683e+00
7.095589999999999620e+00 4.159749999999999837e+00 3.752650000000000041e+00
7.199810000000000265e+00 5.456489999999999618e+00 3.418400000000000105e+00
5.472839999999999705e+00 8.336529999999999774e+00 8.548769999999999314e+00
6.741920000000000357e+00 4.876269999999999882e+00 6.118350000000000399e+00
6.632329999999999615e+00 6.277709999999999901e+00 5.757060000000000066e+00
5.851530000000000342e+00 3.586079999999999934e+00 7.929160000000000430e+00
4.364849999999999675e+00 6.609930000000000305e+00 7.232800000000000118e+00
7.635150000000000325e+00 5.085810000000000386e+00 8.312799999999999301e+00
6.727319999999999744e+00 4.352140000000000342e+00 7.527289999999999814e+00
5.352769999999999584e+00 7.229040000000000354e+00 7.526679999999999815e+00
6.406509999999999927e+00 7.306000000000000050e+00 6.613959999999999617e+00
7.508370000000000211e+00 4.747650000000000148e+00 9.241880000000000095e+00
7.208689999999999820e+00 2.787710000000000132e+00 5.470930000000000071e+00
6.939899999999999736e+00 7.528920000000000279e+00 4.057529999999999859e+00
7.189600000000000435e+00 3.268810000000000215e+00 3.051330000000000098e+00
7.543790000000000440e+00 5.686560000000000059e+00 2.423259999999999970e+00
5.034629999999999939e+00 9.212289999999999424e+00 7.999579999999999913e+00
5.039480000000000182e+00 8.363720000000000709e+00 9.576739999999999142e+00
6.551199999999999690e+00 8.590460000000000207e+00 8.681960000000000122e+00
6.975629999999999775e+00 3.871319999999999872e+00 5.136940000000000062e+00
7.061519999999999797e+00 6.505650000000000155e+00 4.409060000000000201e+00
7.108259999999999579e+00 4.171800000000000175e+00 3.769899999999999807e+00
7.213820000000000121e+00 5.474029999999999951e+00 3.427550000000000097e+00
5.490400000000000169e+00 8.345959999999999823e+00 8.565569999999999240e+00
6.751229999999999620e+00 4.886350000000000193e+00 6.130270000000000330e+00
6.640979999999999883e+00 6.292580000000000062e+00 5.774960000000000093e+00
5.868649999999999700e+00 3.607610000000000205e+00 7.943389999999999951e+00
4.374150000000000205e+00 6.630180000000000184e+00 7.243669999999999831e+00
7.625849999999999795e+00 5.106799999999999784e+00 8.333679999999999310e+00
6.726009999999999600e+00 4.369369999999999976e+00 7.541109999999999758e+00
5.358520000000000394e+00 7.258700000000000152e+00 7.535919999999999952e+00
6.414380000000000415e+00 7.320820000000000327e+00 6.631330000000000169e+00
7.450849999999999973e+00 4.758820000000000050e+00 9.234420000000000073e+00
7.216429999999999900e+00 2.772860000000000102e+00 5.486839999999999939e+00
6.965499999999999581e+00 7.539500000000000313e+00 4.080320000000000391e+00
7.210790000000000255e+00 3.281359999999999832e+00 3.099380000000000024e+00
7.538179999999999659e+00 5.708540000000000170e+00 2.417030000000000012e+00
5.069469999999999921e+00 9.227140000000000342e+00 8.015589999999999549e+00
5.046599999999999753e+00 8.401080000000000325e+00 9.582969999999999544e+00
6.562879999999999825e+00 8.593619999999999592e+00 8.713210000000000122e+00
6.981060000000000265e+00 3.879030000000000200e+00 5.154130000000000322e+00
7.070669999999999789e+00 6.514969999999999928e+00 4.421050000000000146e+00
7.121419999999999639e+00 4.173409999999999620e+00 3.792780000000000040e+00
7.228539999999999743e+00 5.485240000000000116e+00 3.441699999999999982e+00
5.509190000000000254e+00 8.348200000000000287e+00 8.586809999999999832e+00
6.761320000000000441e+00 4.887789999999999857e+00 6.146700000000000053e+00
6.651279999999999859e+00 6.297119999999999607e+00 5.795759999999999579e+00
5.886820000000000164e+00 3.620740000000000069e+00 7.962629999999999875e+00
4.383630000000000138e+00 6.641689999999999650e+00 7.259660000000000224e+00
7.616369999999999862e+00 5.119180000000000064e+00 8.358290000000000219e+00
6.724639999999999951e+00 4.380090000000000039e+00 7.559549999999999770e+00
5.363900000000000112e+00 7.280689999999999884e+00 7.549450000000000216e+00
6.423239999999999839e+00 7.327440000000000175e+00 6.653609999999999580e+00
7.393589999999999662e+00 4.755349999999999966e+00 9.241740000000000066e+00
7.216910000000000380e+00 2.767440000000000122e+00 5.503059999999999619e+00
6.995070000000000121e+00 7.546389999999999709e+00 4.105389999999999873e+00
7.233200000000000074e+00 3.293219999999999814e+00 3.151679999999999815e+00
7.531060000000000088e+00 5.726549999999999585e+00 2.410569999999999879e+00
5.105920000000000236e+00 9.232559999999999434e+00 8.038460000000000605e+00
5.049970000000000070e+00 8.420650000000000190e+00 9.589430000000000121e+00
6.574019999999999975e+00 8.587939999999999685e+00 8.746859999999999857e+00
6.987160000000000259e+00 3.875770000000000159e+00 5.174039999999999750e+00
7.078990000000000116e+00 6.514219999999999899e+00 4.435349999999999682e+00
7.135169999999999568e+00 4.163619999999999877e+00 3.818309999999999871e+00
7.244030000000000413e+00 5.487989999999999924e+00 3.457479999999999887e+00
5.529219999999999580e+00 8.341430000000000788e+00 8.609360000000000568e+00
6.772190000000000154e+00 4.878980000000000317e+00 6.164609999999999701e+00
6.663319999999999688e+00 6.289469999999999672e+00 5.816209999999999880e+00
5.905579999999999607e+00 3.623190000000000133e+00 7.984009999999999607e+00
4.393360000000000376e+00 6.642739999999999867e+00 7.277650000000000396e+00
7.606639999999999624e+00 5.121199999999999974e+00 8.383570000000000633e+00
6.723910000000000053e+00 4.383009999999999629e+00 7.579110000000000014e+00
5.368940000000000268e+00 7.292910000000000004e+00 7.564119999999999955e+00
6.433230000000000004e+00 7.324010000000000353e+00 6.677620000000000111e+00
7.338099999999999845e+00 4.736139999999999795e+00 9.262209999999999610e+00
7.209850000000000314e+00 2.771700000000000053e+00 5.516040000000000276e+00
7.028240000000000265e+00 7.550069999999999837e+00 4.128720000000000390e+00
7.257469999999999644e+00 3.297070000000000167e+00 3.200079999999999814e+00
7.521779999999999688e+00 5.737250000000000405e+00 2.405320000000000125e+00
5.143909999999999982e+00 9.228300000000000836e+00 8.064280000000000115e+00
5.048750000000000071e+00 8.420170000000000599e+00 9.594680000000000319e+00
6.586850000000000094e+00 8.571469999999999700e+00 8.779840000000000089e+00
6.993940000000000268e+00 3.861629999999999896e+00 5.193360000000000198e+00
7.086540000000000283e+00 6.503440000000000332e+00 4.448839999999999684e+00
7.149469999999999992e+00 4.143629999999999924e+00 3.843210000000000015e+00
7.260200000000000209e+00 5.481900000000000439e+00 3.471449999999999925e+00
5.550259999999999749e+00 8.325770000000000337e+00 8.629849999999999355e+00
6.783719999999999750e+00 4.860350000000000392e+00 6.180810000000000137e+00
6.677030000000000243e+00 6.269890000000000185e+00 5.833029999999999937e+00
5.924299999999999677e+00 3.614529999999999799e+00 8.004450000000000287e+00
4.403319999999999901e+00 6.633499999999999730e+00 7.294389999999999930e+00
7.596680000000000099e+00 5.112840000000000273e+00 8.406510000000000815e+00
6.724490000000000300e+00 4.378619999999999735e+00 7.596140000000000114e+00
5.373680000000000234e+00 7.295010000000000439e+00 7.576649999999999885e+00
6.444410000000000416e+00 7.310570000000000235e+00 6.699939999999999785e+00
7.287889999999999979e+00 4.704399999999999693e+00 9.288520000000000110e+00
7.196010000000000240e+00 2.783650000000000180e+00 5.523439999999999905e+00
7.064329999999999998e+00 7.550360000000000404e+00 4.147070000000000256e+00
7.284159999999999968e+00 3.286779999999999813e+00 3.235970000000000013e+00
7.510139999999999816e+00 5.739049999999999763e+00 2.402730000000000032e+00
5.182780000000000165e+00 9.216350000000000264e+00 8.088820000000000121e+00
5.042449999999999655e+00 8.399620000000000530e+00 9.597269999999999968e+00
6.603489999999999860e+00 8.544349999999999667e+00 8.809070000000000178e+00
7.001350000000000406e+00 3.839519999999999822e+00 5.209579999999999878e+00
7.093399999999999928e+00 6.485360000000000014e+00 4.459240000000000315e+00
7.164299999999999891e+00 4.116990000000000371e+00 3.864980000000000082e+00
7.276830000000000354e+00 5.469050000000000189e+00 3.481250000000000178e+00
5.572000000000000064e+00 8.303779999999999717e+00 8.645899999999999253e+00
6.795770000000000088e+00 4.834830000000000183e+00 6.193050000000000388e+00
6.692249999999999588e+00 6.241240000000000343e+00 5.843969999999999665e+00
5.942440000000000389e+00 3.596929999999999961e+00 8.021729999999999805e+00
4.413459999999999717e+00 6.616600000000000037e+00 7.307570000000000121e+00
7.586540000000000283e+00 5.096529999999999561e+00 8.425159999999999982e+00
6.726910000000000167e+00 4.369650000000000034e+00 7.608130000000000059e+00
5.378260000000000041e+00 7.289109999999999978e+00 7.584719999999999906e+00
6.456809999999999938e+00 7.289620000000000211e+00 6.718060000000000365e+00
7.247239999999999682e+00 4.666660000000000252e+00 9.312079999999999913e+00
7.177089999999999748e+00 2.799049999999999816e+00 5.525339999999999918e+00
7.102470000000000283e+00 7.546899999999999942e+00 4.159099999999999575e+00
7.313469999999999693e+00 3.261070000000000135e+00 3.253940000000000055e+00
7.496570000000000178e+00 5.733069999999999666e+00 2.403880000000000017e+00
5.221870000000000012e+00 9.200950000000000628e+00 8.109019999999999229e+00
5.031240000000000379e+00 8.362019999999999342e+00 9.596120000000000871e+00
6.625239999999999796e+00 8.509059999999999846e+00 8.832620000000000360e+00
7.009369999999999656e+00 3.815259999999999874e+00 5.221910000000000274e+00
7.099820000000000242e+00 6.465390000000000192e+00 4.465889999999999915e+00
7.179859999999999687e+00 4.089229999999999698e+00 3.882719999999999949e+00
7.293940000000000090e+00 5.454119999999999635e+00 3.486439999999999984e+00
5.594450000000000145e+00 8.280549999999999855e+00 8.657009999999999650e+00
6.808390000000000164e+00 4.807780000000000165e+00 6.200859999999999594e+00
6.709010000000000140e+00 6.208910000000000373e+00 5.848690000000000389e+00
5.959939999999999571e+00 3.575309999999999988e+00 8.035360000000000724e+00
4.423849999999999838e+00 6.597220000000000084e+00 7.316629999999999967e+00
7.576150000000000162e+00 5.077390000000000292e+00 8.439379999999999882e+00
6.731410000000000338e+00 4.361279999999999824e+00 7.614539999999999864e+00
5.382929999999999993e+00 7.280149999999999899e+00 7.587749999999999773e+00
6.470600000000000129e+00 7.266149999999999665e+00 6.731340000000000323e+00
7.219009999999999927e+00 4.630950000000000344e+00 9.327370000000000161e+00
7.155249999999999666e+00 2.811830000000000052e+00 5.524840000000000195e+00
7.142070000000000363e+00 7.540709999999999802e+00 4.165790000000000326e+00
7.345220000000000304e+00 3.225929999999999964e+00 3.254430000000000156e+00
7.481869999999999798e+00 5.723679999999999879e+00 2.409320000000000128e+00
5.261309999999999931e+00 9.188169999999999504e+00 8.124259999999999593e+00
5.016070000000000029e+00 8.313150000000000261e+00 9.590680000000000760e+00
6.652309999999999945e+00 8.470169999999999533e+00 8.850509999999999877e+00
7.017940000000000289e+00 3.796689999999999898e+00 5.231020000000000003e+00
7.106049999999999756e+00 6.450730000000000075e+00 4.469660000000000188e+00
7.196489999999999831e+00 4.067339999999999733e+00 3.896869999999999834e+00
7.311499999999999666e+00 5.443730000000000402e+00 3.488300000000000178e+00
5.617670000000000385e+00 8.263009999999999522e+00 8.664279999999999760e+00
6.821649999999999991e+00 4.786369999999999791e+00 6.205300000000000260e+00
6.727360000000000007e+00 6.180159999999999876e+00 5.848410000000000331e+00
5.976980000000000182e+00 3.556630000000000180e+00 8.046310000000000073e+00
4.434560000000000279e+00 6.582390000000000185e+00 7.322589999999999932e+00
7.565439999999999721e+00 5.062450000000000117e+00 8.450419999999999376e+00
6.737910000000000288e+00 4.360229999999999606e+00 7.616590000000000416e+00
5.387979999999999769e+00 7.275009999999999977e+00 7.586680000000000312e+00
6.485960000000000392e+00 7.246999999999999886e+00 6.740719999999999601e+00
7.204729999999999634e+00 4.605819999999999581e+00 9.332710000000000505e+00
7.132600000000000051e+00 2.814979999999999816e+00 5.527370000000000339e+00
7.182319999999999816e+00 7.534869999999999735e+00 4.169690000000000119e+00
7.378389999999999560e+00 3.193160000000000220e+00 3.242690000000000072e+00
7.467150000000000176e+00 5.717640000000000278e+00 2.419090000000000185e+00
5.301599999999999646e+00 9.185019999999999740e+00 8.136189999999999145e+00
4.998689999999999856e+00 8.260820000000000718e+00 9.580909999999999371e+00
6.683639999999999581e+00 8.433830000000000382e+00 8.864290000000000447e+00
7.026980000000000004e+00 3.790189999999999948e+00 5.238870000000000360e+00
7.112289999999999779e+00 6.447289999999999743e+00 4.472629999999999661e+00
7.214310000000000223e+00 4.056960000000000122e+00 3.908929999999999794e+00
7.329299999999999926e+00 5.443260000000000431e+00 3.489510000000000112e+00
5.641429999999999723e+00 8.256980000000000430e+00 8.670019999999999172e+00
6.835440000000000182e+00 4.776589999999999669e+00 6.208639999999999937e+00
6.747090000000000032e+00 6.161200000000000010e+00 5.845640000000000391e+00
5.993699999999999584e+00 3.546850000000000058e+00 8.056599999999999540e+00
4.445490000000000386e+00 6.577910000000000146e+00 7.327679999999999971e+00
7.554509999999999614e+00 5.057660000000000267e+00 8.460589999999999833e+00
6.745989999999999931e+00 4.371629999999999683e+00 7.616929999999999978e+00
5.393659999999999677e+00 7.279349999999999987e+00 7.583750000000000213e+00
6.502880000000000216e+00 7.237779999999999880e+00 6.748310000000000031e+00
7.204489999999999839e+00 4.597330000000000361e+00 9.330040000000000333e+00
7.110400000000000276e+00 2.803770000000000095e+00 5.538369999999999571e+00
7.221809999999999619e+00 7.532499999999999751e+00 4.174229999999999663e+00
7.411139999999999617e+00 3.174859999999999793e+00 3.226710000000000189e+00
7.453780000000000072e+00 5.720939999999999692e+00 2.432469999999999910e+00
5.343009999999999593e+00 9.196229999999999905e+00 8.148189999999999600e+00
4.981679999999999886e+00 8.212310000000000443e+00 9.567529999999999646e+00
6.716829999999999856e+00 8.405070000000000263e+00 8.876429999999999154e+00
7.036310000000000286e+00 3.795869999999999855e+00 5.248140000000000249e+00
7.118579999999999686e+00 6.455420000000000158e+00 4.477439999999999642e+00
7.233130000000000059e+00 4.058510000000000062e+00 3.920939999999999870e+00
7.346790000000000376e+00 5.452779999999999738e+00 3.493430000000000035e+00
5.665099999999999802e+00 8.262919999999999376e+00 8.676999999999999602e+00
6.849429999999999907e+00 4.779149999999999565e+00 6.213709999999999845e+00
6.767669999999999852e+00 6.153179999999999872e+00 5.843549999999999578e+00
6.010019999999999918e+00 3.546829999999999927e+00 8.068609999999999616e+00
4.456310000000000215e+00 6.584279999999999688e+00 7.334629999999999761e+00
7.543689999999999785e+00 5.063769999999999882e+00 8.472440000000000637e+00
6.754780000000000229e+00 4.394790000000000418e+00 7.618870000000000253e+00
5.400079999999999991e+00 7.293409999999999727e+00 7.581830000000000069e+00
6.520990000000000286e+00 7.238909999999999734e+00 6.756759999999999877e+00
7.216569999999999929e+00 4.604820000000000135e+00 9.324439999999999173e+00
7.088779999999999859e+00 2.779679999999999929e+00 5.560100000000000264e+00
7.258479999999999599e+00 7.533360000000000056e+00 4.182809999999999917e+00
7.441169999999999618e+00 3.176639999999999908e+00 3.214770000000000127e+00
7.443249999999999922e+00 5.734519999999999840e+00 2.447849999999999859e+00
5.385150000000000325e+00 9.220319999999999183e+00 8.164350000000000662e+00
4.968069999999999986e+00 8.170690000000000452e+00 9.552149999999999253e+00
6.748639999999999972e+00 8.384080000000000865e+00 8.889739999999999753e+00
7.045910000000000117e+00 3.807659999999999823e+00 5.261540000000000106e+00
7.125000000000000000e+00 6.470060000000000144e+00 4.486439999999999984e+00
7.252970000000000361e+00 4.067120000000000068e+00 3.934969999999999857e+00
7.363739999999999952e+00 5.467240000000000322e+00 3.503000000000000114e+00
5.688430000000000319e+00 8.275919999999999277e+00 8.687680000000000291e+00
6.863489999999999647e+00 4.789270000000000138e+00 6.222999999999999865e+00
6.788859999999999673e+00 6.151690000000000325e+00 5.844850000000000101e+00
6.026189999999999714e+00 3.552109999999999879e+00 8.084519999999999484e+00
4.466899999999999871e+00 6.596659999999999968e+00 7.345889999999999809e+00
7.533100000000000129e+00 5.076360000000000205e+00 8.488220000000000098e+00
6.763469999999999871e+00 4.423910000000000231e+00 7.625379999999999825e+00
5.407409999999999606e+00 7.312389999999999723e+00 7.583359999999999879e+00
6.540189999999999948e+00 7.245400000000000063e+00 6.768460000000000143e+00
7.237790000000000390e+00 4.620739999999999625e+00 9.323109999999999786e+00
7.066919999999999646e+00 2.749280000000000168e+00 5.591300000000000381e+00
7.291269999999999918e+00 7.534019999999999939e+00 4.197860000000000369e+00
7.467249999999999943e+00 3.196180000000000021e+00 3.212750000000000217e+00
7.436440000000000161e+00 5.754209999999999603e+00 2.463600000000000012e+00
5.428239999999999732e+00 9.250719999999999388e+00 8.188570000000000348e+00
4.960250000000000270e+00 8.133079999999999643e+00 9.536400000000000432e+00
6.776860000000000106e+00 8.365460000000000562e+00 8.906829999999999359e+00
7.055620000000000225e+00 3.817820000000000213e+00 5.280339999999999812e+00
7.131560000000000343e+00 6.484440000000000204e+00 4.500569999999999737e+00
7.273690000000000211e+00 4.076529999999999987e+00 3.951970000000000205e+00
7.379889999999999617e+00 5.480120000000000324e+00 3.519540000000000113e+00
5.711059999999999803e+00 8.289450000000000429e+00 8.703010000000000801e+00
6.877410000000000245e+00 4.800580000000000069e+00 6.237589999999999968e+00
6.810340000000000060e+00 6.150809999999999889e+00 5.850830000000000197e+00
6.042309999999999626e+00 3.556690000000000129e+00 8.105040000000000688e+00
4.477050000000000196e+00 6.608710000000000306e+00 7.362499999999999822e+00
7.522949999999999804e+00 5.089579999999999771e+00 8.508620000000000516e+00
6.771189999999999820e+00 4.451640000000000263e+00 7.637990000000000279e+00
5.415759999999999685e+00 7.329959999999999809e+00 7.589380000000000237e+00
6.560279999999999667e+00 7.250770000000000159e+00 6.784419999999999895e+00
7.264210000000000278e+00 4.634730000000000238e+00 9.333600000000000563e+00
7.044629999999999725e+00 2.720349999999999824e+00 5.628330000000000055e+00
7.319399999999999906e+00 7.531380000000000408e+00 4.219800000000000217e+00
7.488730000000000331e+00 3.226949999999999985e+00 3.223059999999999814e+00
7.433860000000000134e+00 5.773880000000000123e+00 2.478450000000000042e+00
5.472100000000000186e+00 9.279650000000000176e+00 8.222870000000000346e+00
4.959850000000000314e+00 8.095290000000000319e+00 9.521549999999999514e+00
6.800029999999999575e+00 8.342610000000000525e+00 8.928910000000000124e+00
7.065249999999999808e+00 3.820349999999999913e+00 5.303689999999999571e+00
7.138200000000000323e+00 6.493079999999999963e+00 4.518839999999999968e+00
7.294990000000000308e+00 4.081920000000000215e+00 3.971179999999999932e+00
7.394980000000000331e+00 5.486399999999999721e+00 3.542120000000000157e+00
5.732660000000000089e+00 8.298249999999999460e+00 8.721899999999999764e+00
6.890970000000000262e+00 4.807949999999999946e+00 6.256529999999999703e+00
6.831739999999999924e+00 6.145999999999999908e+00 5.860800000000000232e+00
6.058399999999999785e+00 3.555899999999999839e+00 8.128949999999999676e+00
4.486589999999999634e+00 6.615450000000000053e+00 7.383510000000000240e+00
7.513410000000000366e+00 5.098919999999999675e+00 8.532420000000000115e+00
6.777149999999999785e+00 4.472019999999999662e+00 7.656150000000000233e+00
5.425150000000000361e+00 7.341140000000000221e+00 7.598959999999999937e+00
6.580969999999999764e+00 7.249920000000000364e+00 6.803679999999999950e+00
7.292430000000000412e+00 4.637830000000000119e+00 9.360400000000000276e+00
7.022490000000000343e+00 2.698640000000000150e+00 5.666500000000000092e+00
7.342459999999999987e+00 7.524899999999999700e+00 4.246649999999999814e+00
7.505690000000000417e+00 3.261219999999999786e+00 3.243860000000000188e+00
7.435670000000000002e+00 5.787980000000000125e+00 2.491999999999999993e+00
5.516189999999999927e+00 9.301360000000000738e+00 8.266769999999999285e+00
4.967459999999999987e+00 8.054339999999999833e+00 9.507999999999999119e+00
6.817709999999999937e+00 8.310510000000000730e+00 8.955260000000000886e+00
7.067400000000000126e+00 3.811840000000000117e+00 5.328649999999999665e+00
7.137679999999999580e+00 6.492510000000000225e+00 4.538369999999999571e+00
7.309260000000000090e+00 4.080630000000000202e+00 3.990299999999999958e+00
7.401589999999999669e+00 5.483179999999999943e+00 3.567550000000000221e+00
5.745659999999999989e+00 8.298989999999999867e+00 8.741329999999999600e+00
6.896770000000000067e+00 4.808119999999999727e+00 6.276970000000000383e+00
6.845449999999999591e+00 6.134730000000000238e+00 5.872250000000000192e+00
6.067169999999999952e+00 3.547019999999999840e+00 8.153140000000000498e+00
4.488220000000000098e+00 6.613940000000000374e+00 7.406049999999999578e+00
7.497560000000000002e+00 5.101670000000000371e+00 8.556760000000000588e+00
6.773640000000000327e+00 4.481169999999999654e+00 7.677319999999999922e+00
5.428410000000000402e+00 7.342929999999999957e+00 7.609329999999999927e+00
6.594750000000000334e+00 7.239889999999999937e+00 6.823389999999999844e+00
7.313329999999999664e+00 4.625589999999999868e+00 9.400859999999999772e+00
6.994539999999999758e+00 2.687139999999999862e+00 5.700560000000000294e+00
7.353119999999999656e+00 7.516029999999999767e+00 4.274390000000000356e+00
7.511779999999999902e+00 3.290579999999999838e+00 3.268959999999999866e+00
7.434680000000000177e+00 5.792229999999999990e+00 2.504519999999999857e+00
5.552279999999999660e+00 9.312860000000000582e+00 8.316990000000000549e+00
4.975329999999999586e+00 8.009339999999999904e+00 9.495480000000000587e+00
6.823249999999999815e+00 8.266700000000000159e+00 8.983280000000000598e+00
7.066720000000000113e+00 3.791269999999999918e+00 5.351619999999999600e+00
7.134789999999999743e+00 6.481419999999999959e+00 4.555670000000000108e+00
7.320940000000000225e+00 4.071950000000000180e+00 4.006649999999999601e+00
7.404420000000000002e+00 5.469560000000000421e+00 3.591959999999999820e+00
5.754739999999999966e+00 8.290279999999999205e+00 8.757699999999999818e+00
6.899469999999999992e+00 4.799699999999999633e+00 6.295440000000000147e+00
6.856029999999999625e+00 6.116259999999999586e+00 5.881960000000000299e+00
6.073339999999999961e+00 3.529129999999999878e+00 8.174030000000000129e+00
4.486720000000000041e+00 6.603209999999999802e+00 7.426680000000000170e+00
7.480159999999999698e+00 5.096870000000000012e+00 8.578620000000000800e+00
6.765100000000000335e+00 4.477520000000000167e+00 7.698229999999999684e+00
5.430299999999999905e+00 7.334310000000000329e+00 7.617040000000000255e+00
6.606189999999999785e+00 7.219590000000000174e+00 6.840130000000000265e+00
7.331400000000000361e+00 4.598799999999999777e+00 9.445759999999999934e+00
6.966479999999999784e+00 2.685999999999999943e+00 5.726210000000000022e+00
7.356160000000000032e+00 7.506280000000000285e+00 4.298829999999999707e+00
7.513279999999999959e+00 3.307269999999999932e+00 3.289789999999999992e+00
7.435559999999999725e+00 5.784139999999999837e+00 2.516690000000000094e+00
5.584430000000000227e+00 9.314000000000000057e+00 8.369500000000000384e+00
4.986659999999999648e+00 7.960259999999999891e+00 9.483309999999999462e+00
6.822669999999999568e+00 8.210340000000000416e+00 9.009809999999999874e+00
7.066209999999999880e+00 3.760099999999999998e+00 5.363120000000000331e+00
7.132629999999999804e+00 6.460779999999999745e+00 4.561370000000000147e+00
7.332790000000000141e+00 4.057050000000000267e+00 4.011800000000000033e+00
7.406530000000000058e+00 5.446679999999999744e+00 3.605659999999999865e+00
5.762979999999999769e+00 8.272700000000000387e+00 8.761599999999999611e+00
6.902070000000000149e+00 4.783179999999999765e+00 6.302649999999999864e+00
6.866360000000000241e+00 6.091730000000000089e+00 5.880939999999999834e+00
6.079860000000000042e+00 3.503169999999999895e+00 8.182299999999999685e+00
4.485229999999999606e+00 6.584279999999999688e+00 7.436130000000000351e+00
7.464279999999999582e+00 5.085329999999999906e+00 8.589339999999999975e+00
6.754520000000000302e+00 4.461730000000000196e+00 7.709649999999999892e+00
5.433900000000000396e+00 7.316259999999999764e+00 7.612849999999999895e+00
6.618219999999999992e+00 7.189949999999999619e+00 6.844680000000000319e+00
7.349669999999999703e+00 4.562229999999999563e+00 9.477130000000000720e+00
6.942020000000000302e+00 2.692979999999999929e+00 5.734639999999999738e+00
7.354429999999999801e+00 7.496269999999999989e+00 4.310539999999999594e+00
7.514770000000000394e+00 3.306010000000000115e+00 3.291959999999999997e+00
7.441209999999999880e+00 5.763449999999999740e+00 2.522870000000000168e+00
5.615099999999999980e+00 9.307019999999999627e+00 8.414070000000000604e+00
5.002229999999999954e+00 7.908570000000000100e+00 9.465139999999999887e+00
6.820450000000000124e+00 8.142810000000000770e+00 9.025710000000000122e+00
7.065470000000000361e+00 3.722529999999999895e+00 5.356460000000000221e+00
7.130869999999999820e+00 6.434099999999999930e+00 4.548980000000000246e+00
7.344219999999999970e+00 4.039060000000000095e+00 3.999979999999999869e+00
7.407569999999999766e+00 5.417970000000000397e+00 3.601919999999999789e+00
5.770089999999999719e+00 8.249190000000000467e+00 8.746570000000000178e+00
6.904110000000000191e+00 4.761370000000000324e+00 6.292200000000000237e+00
6.875919999999999810e+00 6.064479999999999649e+00 5.863069999999999560e+00
6.086199999999999832e+00 3.472300000000000164e+00 8.171599999999999753e+00
4.483419999999999739e+00 6.560450000000000337e+00 7.428020000000000067e+00
7.449460000000000193e+00 5.070190000000000197e+00 8.583030000000000825e+00
6.741590000000000416e+00 4.437059999999999782e+00 7.705149999999999721e+00
5.438719999999999999e+00 7.292060000000000208e+00 7.590390000000000192e+00
6.630300000000000082e+00 7.154239999999999711e+00 6.830720000000000347e+00
7.367250000000000298e+00 4.522940000000000182e+00 9.481230000000000047e+00
6.920679999999999943e+00 2.703650000000000109e+00 5.721409999999999663e+00
7.346910000000000274e+00 7.486299999999999955e+00 4.303510000000000169e+00
7.516580000000000261e+00 3.287310000000000176e+00 3.266700000000000159e+00
7.451019999999999754e+00 5.732730000000000103e+00 2.518769999999999953e+00
5.643580000000000041e+00 9.296350000000000335e+00 8.443509999999999849e+00
5.019210000000000171e+00 7.857579999999999565e+00 9.436989999999999768e+00
6.817129999999999690e+00 8.067840000000000344e+00 9.024490000000000123e+00
7.064709999999999823e+00 3.685999999999999943e+00 5.352059999999999818e+00
7.129710000000000214e+00 6.407879999999999576e+00 4.539179999999999993e+00
7.355249999999999844e+00 4.023390000000000022e+00 3.992160000000000153e+00
7.407750000000000057e+00 5.389680000000000248e+00 3.601309999999999789e+00
5.776370000000000005e+00 8.225550000000000139e+00 8.733399999999999608e+00
6.905660000000000132e+00 4.739899999999999558e+00 6.284839999999999982e+00
6.884739999999999860e+00 6.040519999999999889e+00 5.849339999999999762e+00
6.092290000000000205e+00 3.442390000000000061e+00 8.162770000000000081e+00
4.481559999999999988e+00 6.537849999999999717e+00 7.423110000000000319e+00
7.435719999999999885e+00 5.057319999999999816e+00 8.580730000000000857e+00
6.726709999999999745e+00 4.409849999999999604e+00 7.705300000000000260e+00
5.444779999999999731e+00 7.267820000000000391e+00 7.570450000000000124e+00
6.642470000000000319e+00 7.118549999999999933e+00 6.819079999999999586e+00
7.383440000000000225e+00 4.489679999999999893e+00 9.474840000000000373e+00
6.901519999999999655e+00 2.711599999999999788e+00 5.710899999999999643e+00
7.333149999999999835e+00 7.477999999999999758e+00 4.299009999999999998e+00
7.518440000000000012e+00 3.259440000000000115e+00 3.236969999999999903e+00
7.464809999999999945e+00 5.698100000000000165e+00 2.525160000000000071e+00
5.669990000000000308e+00 9.288399999999999324e+00 8.477840000000000487e+00
5.035680000000000156e+00 7.813310000000000421e+00 9.420970000000000510e+00
6.813049999999999606e+00 7.992379999999999818e+00 9.026469999999999771e+00
7.064530000000000420e+00 3.659959999999999880e+00 5.350760000000000183e+00
7.129609999999999559e+00 6.390320000000000000e+00 4.533220000000000027e+00
7.366170000000000329e+00 4.016720000000000290e+00 3.989549999999999930e+00
7.407580000000000275e+00 5.369780000000000442e+00 3.604950000000000099e+00
5.782359999999999722e+00 8.209310000000000329e+00 8.723509999999999209e+00
6.907070000000000043e+00 4.726079999999999615e+00 6.281869999999999621e+00
6.893119999999999692e+00 6.027440000000000353e+00 5.841350000000000264e+00
6.098290000000000433e+00 3.420970000000000066e+00 8.157270000000000465e+00
4.480229999999999713e+00 6.524259999999999948e+00 7.422609999999999708e+00
7.423499999999999766e+00 5.054210000000000313e+00 8.583740000000000592e+00
6.710939999999999905e+00 4.388390000000000235e+00 7.711000000000000298e+00
5.452289999999999637e+00 7.251299999999999635e+00 7.554540000000000255e+00
6.654910000000000103e+00 7.090779999999999639e+00 6.811169999999999725e+00
7.397639999999999993e+00 4.471610000000000085e+00 9.458759999999999835e+00
6.883280000000000065e+00 2.710109999999999797e+00 5.708809999999999718e+00
7.313340000000000174e+00 7.474750000000000227e+00 4.298630000000000173e+00
7.519770000000000287e+00 3.235790000000000166e+00 3.209709999999999841e+00
7.482639999999999958e+00 5.668099999999999916e+00 2.541240000000000165e+00
5.694779999999999731e+00 9.289889999999999759e+00 8.517409999999999926e+00
5.050709999999999589e+00 7.783870000000000289e+00 9.418509999999999494e+00
6.808220000000000383e+00 7.925900000000000389e+00 9.032120000000000815e+00
7.065409999999999968e+00 3.650339999999999918e+00 5.352710000000000079e+00
7.130910000000000082e+00 6.386739999999999640e+00 4.531419999999999781e+00
7.377369999999999983e+00 4.023049999999999571e+00 3.992249999999999854e+00
7.407540000000000013e+00 5.363430000000000142e+00 3.613239999999999785e+00
5.788579999999999615e+00 8.205339999999999634e+00 8.717409999999999215e+00
6.908649999999999736e+00 4.724639999999999951e+00 6.283640000000000114e+00
6.901410000000000267e+00 6.029959999999999987e+00 5.839540000000000397e+00
6.104339999999999655e+00 3.412589999999999790e+00 8.155609999999999360e+00
4.479949999999999655e+00 6.524740000000000428e+00 7.426789999999999559e+00
7.412880000000000358e+00 5.065809999999999924e+00 8.592219999999999303e+00
6.695129999999999804e+00 4.378440000000000332e+00 7.722170000000000201e+00
5.461430000000000007e+00 7.247530000000000250e+00 7.543009999999999771e+00
6.667980000000000018e+00 7.075969999999999871e+00 6.807339999999999947e+00
7.409699999999999953e+00 4.473519999999999719e+00 9.436280000000000001e+00
6.864749999999999908e+00 2.696169999999999956e+00 5.717869999999999564e+00
7.287930000000000241e+00 7.478760000000000296e+00 4.302609999999999602e+00
7.520050000000000345e+00 3.227469999999999839e+00 3.191139999999999866e+00
7.504749999999999588e+00 5.648930000000000007e+00 2.563719999999999999e+00
5.718980000000000175e+00 9.303829999999999600e+00 8.562269999999999825e+00
5.064540000000000042e+00 7.774580000000000268e+00 9.428499999999999659e+00
6.802209999999999646e+00 7.874640000000000306e+00 9.040950000000000486e+00
7.061499999999999666e+00 3.656670000000000087e+00 5.339990000000000236e+00
7.127710000000000434e+00 6.396819999999999951e+00 4.515859999999999985e+00
7.382859999999999978e+00 4.040809999999999569e+00 3.982019999999999893e+00
7.401959999999999873e+00 5.370320000000000427e+00 3.608060000000000045e+00
5.789250000000000007e+00 8.213050000000000850e+00 8.697359999999999758e+00
6.904530000000000278e+00 4.734860000000000291e+00 6.272059999999999746e+00
6.903719999999999857e+00 6.047060000000000102e+00 5.825960000000000250e+00
6.104269999999999641e+00 3.416339999999999932e+00 8.140029999999999433e+00
4.475080000000000169e+00 6.538780000000000037e+00 7.417460000000000164e+00
7.397960000000000313e+00 5.091350000000000264e+00 8.587619999999999365e+00
6.674389999999999823e+00 4.380539999999999878e+00 7.720089999999999897e+00
5.466050000000000075e+00 7.256050000000000111e+00 7.518110000000000070e+00
6.675620000000000331e+00 7.073859999999999815e+00 6.789670000000000094e+00
7.413560000000000372e+00 4.492899999999999672e+00 9.395670000000000854e+00
6.840950000000000308e+00 2.673210000000000086e+00 5.718040000000000234e+00
7.252150000000000318e+00 7.488489999999999647e+00 4.292290000000000383e+00
7.513150000000000439e+00 3.238570000000000171e+00 3.167949999999999822e+00
7.524919999999999831e+00 5.641860000000000319e+00 2.569770000000000110e+00
5.737079999999999735e+00 9.326790000000000802e+00 8.593009999999999593e+00
5.071729999999999627e+00 7.785490000000000244e+00 9.430229999999999890e+00
6.788759999999999906e+00 7.840270000000000294e+00 9.034019999999999939e+00
7.048230000000000217e+00 3.673029999999999795e+00 5.324959999999999916e+00
7.115529999999999688e+00 6.415519999999999889e+00 4.498579999999999579e+00
7.378210000000000157e+00 4.064280000000000115e+00 3.970689999999999831e+00
7.386630000000000251e+00 5.385580000000000034e+00 3.601290000000000102e+00
5.780030000000000001e+00 8.227380000000000138e+00 8.675589999999999691e+00
6.890299999999999869e+00 4.751640000000000086e+00 6.259050000000000225e+00
6.895710000000000228e+00 6.073140000000000427e+00 5.812450000000000117e+00
6.093469999999999942e+00 3.426649999999999974e+00 8.122719999999999274e+00
4.461439999999999628e+00 6.561320000000000263e+00 7.406349999999999767e+00
7.374150000000000205e+00 5.125720000000000276e+00 8.581279999999999575e+00
6.645129999999999981e+00 4.390740000000000087e+00 7.715989999999999682e+00
5.461520000000000152e+00 7.271840000000000082e+00 7.491920000000000357e+00
6.673379999999999868e+00 7.079629999999999868e+00 6.770170000000000243e+00