-4.062734973151150043e+05
-4.062718681736961589e+05
-4.062726949946460663e+05
-4.062752259105146513e+05
-4.062776629873575293e+05
-4.062794191147364327e+05
-4.062809499862851226e+05
-4.062829947247358505e+05
-4.062853976556493435e+05
-4.062865456930646906e+05
-4.062850544311706908e+05
-4.062815797705070581e+05
-4.062789215448836330e+05
-4.062786805875106947e+05
-4.062792534409332438e+05
-4.062788018625067198e+05
-4.062770212252342608e+05
-4.062748168540142942e+05
-4.062735547636097181e+05
-4.062733735332185752e+05
-4.062729565920613823e+05
-4.062711604069860769e+05
-4.062686879335872945e+05
-4.062679698399534682e+05
-4.062696521176217939e+05
-4.062716930037917336e+05
-4.062727244336267468e+05
-4.062731717318109586e+05
-4.062739067700838787e+05
-4.062752078614588245e+05
-4.062768764242796460e+05
-4.062786042283896822e+05
-4.062798031700032298e+05
-4.062806861957240035e+05
-4.062824302347599296e+05
-4.062843063670556294e+05
-4.062842498259395943e+05
-4.062821348057973664e+05
-4.062796069377424428e+05
-4.062778227914368035e+05
-4.062768914205016335e+05
-4.062768842148100375e+05
-4.062775711707950104e+05
-4.062781114746722742e+05
-4.062788719641030184e+05
-4.062807186047072173e+05
-4.062821574551252415e+05
-4.062814021658657584e+05
-4.062791100242645480e+05
-4.062767696591857821e+05
-4.062748695397119154e+05
-4.062734633618310327e+05
-4.062727959057037369e+05
-4.062724022137735737e+05
-4.062715885655030725e+05
-4.062712598427690100e+05
-4.062724358313400298e+05
-4.062738860955283744e+05
-4.062744726763487561e+05
-4.062747141639671754e+05
-4.062750773344627814e+05
-4.062755768263772479e+05
-4.062766093355285702e+05
-4.062781109870974324e+05
-4.062787309639733867e+05
-4.062776795059176511e+05
-4.062764379413488205e+05
-4.062761616056178464e+05
-4.062764219342090073e+05
-4.062771882400252507e+05
-4.062783209455010365e+05
-4.062791746997862356e+05
-4.062798648673647549e+05
-4.062810371348045301e+05
-4.062819502056800993e+05
-4.062805582220641081e+05
-4.062767787681136397e+05
-4.062734256108595291e+05
-4.062723220971256960e+05
-4.062723832774193725e+05
-4.062721113399025053e+05
-4.062710464907939895e+05
-4.062698007325791987e+05
-4.062697460608140100e+05
-4.062714802617559908e+05
-4.062732678775615059e+05
-4.062730311081870459e+05
-4.062719463224742794e+05
-4.062731753814062104e+05
-4.062765332060760702e+05
-4.062789250407390064e+05
-4.062788941352686961e+05
-4.062770164724772912e+05
-4.062750296820189105e+05
-4.062748692472925177e+05
-4.062766118562342599e+05
-4.062776661650656606e+05
-4.062764914917545393e+05
-4.062753546076929779e+05
-4.062762351108256262e+05
-4.062774308496306767e+05
-4.062768941062422819e+05
-4.062746576674043317e+05
-4.062716973693753243e+05
-4.062694252616423764e+05
-4.062692866190659115e+05
-4.062706585343006882e+05
-4.062713470885523129e+05
-4.062709693077530246e+05
-4.062713980040456518e+05
-4.062732917404928012e+05
-4.062752128652196261e+05
-4.062762335671522305e+05
-4.062763701740878751e+05
-4.062756921356403618e+05
-4.062745558257500525e+05
-4.062738103061859729e+05
-4.062734593281999696e+05
-4.062722191014814307e+05
-4.062700749862336670e+05
-4.062690600655460730e+05
-4.062695982409110875e+05
-4.062703661023234017e+05
-4.062707690104856738e+05
-4.062707313009297359e+05
-4.062704171389261028e+05
-4.062710256210830412e+05
-4.062733506046489929e+05
-4.062753540749374079e+05
-4.062747215171234566e+05
-4.062728822679537698e+05
-4.062724241126000998e+05
-4.062733971997393528e+05
-4.062748954207137576e+05
-4.062762850474041188e+05
-4.062768703311623540e+05
-4.062770065069989651e+05
-4.062784224690080155e+05
-4.062807628234191798e+05
-4.062811849766701926e+05
-4.062795292928544804e+05
-4.062784583876517718e+05
-4.062787212984445505e+05
-4.062794834030846832e+05
-4.062803060222310014e+05
-4.062809707254740642e+05
-4.062815167309026583e+05
-4.062818605144923204e+05
-4.062811329115795088e+05
-4.062785096765132039e+05
-4.062748807646018686e+05
-4.062722857856609626e+05
-4.062707679819975747e+05
-4.062695873743291013e+05
-4.062693186866838951e+05
-4.062705772197370534e+05
-4.062727346444613067e+05
-4.062738944589750026e+05
-4.062727559647240560e+05
-4.062705449939867249e+05
-4.062694636288281763e+05
-4.062695048279644689e+05
-4.062686631952803000e+05
-4.062664698569323518e+05
-4.062647351282549207e+05
-4.062654563914392493e+05
-4.062688671741458820e+05
-4.062723243109792238e+05
-4.062727594768947456e+05
-4.062710669959218940e+05
-4.062711449526820797e+05
-4.062738313635222730e+05
-4.062759975627118256e+05
-4.062755765954536619e+05
-4.062734224350338918e+05
-4.062718921426765155e+05
-4.062724292023296584e+05
-4.062734178604896879e+05
-4.062718197814184823e+05
-4.062678334633137565e+05
-4.062659941658257740e+05
-4.062685236403050367e+05
-4.062720113286933629e+05
-4.062735002556245308e+05
-4.062735378892517765e+05
-4.062742990413325024e+05
-4.062768004335066653e+05
-4.062791634127727593e+05
-4.062787646568409982e+05
-4.062760759066454484e+05
-4.062745058822690044e+05
-4.062752575464060646e+05
-4.062761999759412138e+05
-4.062756375692968140e+05
-4.062741824607351446e+05
-4.062733114637439139e+05
-4.062729442935027182e+05
-4.062719914567224914e+05
-4.062707556658685789e+05
-4.062708683308067848e+05
-4.062725950198325445e+05
-4.062744605403150199e+05
-4.062757506220358191e+05
-4.062762687152143917e+05
-4.062758440475327661e+05
-4.062753706819763756e+05
-4.062755823490882758e+05
-4.062754677413807367e+05
-4.062742841975953197e+05
-4.062733119726540754e+05
-4.062739025030192570e+05
-4.062749859195062891e+05
-4.062753795618632575e+05
-4.062753264519692166e+05
-4.062744717193967081e+05
-4.062727072812819970e+05
-4.062712383788065636e+05
-4.062699392841667868e+05
-4.062677037006242899e+05
-4.062653815640689572e+05
-4.062657454467878561e+05
-4.062700851161195314e+05
-4.062759546692999429e+05
-4.062803182335658348e+05
-4.062820148924969835e+05
-4.062814096677418565e+05
-4.062800097812711028e+05
-4.062785053341475432e+05
-4.062765598438543384e+05
-4.062741322078918456e+05
-4.062719534704349353e+05
-4.062716929818288190e+05
-4.062735186585956253e+05
-4.062750952649192768e+05
-4.062753025105992565e+05
-4.062748236681399867e+05
-4.062742842314808513e+05
-4.062734225812436780e+05
-4.062719013363181730e+05
-4.062704702870982583e+05
-4.062699774342342862e+05
-4.062710500920710037e+05
-4.062739545561873238e+05
-4.062766530321526225e+05
-4.062767233715750044e+05
-4.062752504411159898e+05
-4.062745746930781752e+05
-4.062744359124496696e+05
-4.062734303899718216e+05
-4.062716988572002738e+05
-4.062701811464083148e+05
-4.062696154748320114e+05
-4.062706948137623840e+05
-4.062728074223856092e+05
-4.062733961957241409e+05
-4.062720946217944147e+05
-4.062720345647427021e+05
-4.062746785521755228e+05
-4.062778151132306084e+05
-4.062794165099445381e+05
-4.062795095300702378e+05
-4.062787158679772983e+05
-4.062779830755609437e+05
-4.062781392356925644e+05
-4.062775094414304476e+05
-4.062737024228702649e+05
-4.062688441847078502e+05
-4.062670834488991532e+05
-4.062684331459049718e+05
-4.062706839842034387e+05
-4.062728970207020175e+05
-4.062749311404370237e+05
-4.062765426143259392e+05
-4.062779932424698491e+05
-4.062790355683798552e+05
-4.062775274829561240e+05
-4.062730828839958995e+05
-4.062687906035541673e+05
-4.062666545310957008e+05
-4.062661452914486872e+05
-4.062663559965885943e+05
-4.062670830334878410e+05
-4.062684345672140480e+05
-4.062705445810854435e+05
-4.062737494239592925e+05
-4.062770406366130919e+05
-4.062782063785815262e+05
-4.062773162965163938e+05
-4.062758666585825849e+05
-4.062750796261274954e+05
-4.062755915885381983e+05
-4.062768660741379135e+05
-4.062777155601034174e+05
-4.062770611009529675e+05
-4.062750636886411812e+05
-4.062736873544846312e+05
-4.062735830504830228e+05
-4.062724080885174917e+05
-4.062684211479233927e+05
-4.062632883517643204e+05
-4.062597897597709671e+05
-4.062589014039844624e+05
-4.062597754412591457e+05
-4.062609678950519883e+05
-4.062618214918323210e+05
-4.062637958149319747e+05
-4.062689446979244822e+05
-4.062754464838689310e+05
-4.062792294349298463e+05
-4.062793564290474169e+05
-4.062783333325385465e+05
-4.062782274170925375e+05
-4.062786700340559473e+05
-4.062778749343387317e+05
-4.062746371930243913e+05
-4.062706311234306195e+05
-4.062701216032869415e+05
-4.062735905987948063e+05
-4.062763586542684352e+05
-4.062759727396910312e+05
-4.062742588575067348e+05
-4.062737943461093237e+05
-4.062752340399001841e+05
-4.062770287917438545e+05
-4.062770332276084810e+05
-4.062748244092286914e+05
-4.062726988444168237e+05
-4.062731109631634317e+05
-4.062744396386010922e+05
-4.062733733236304251e+05
-4.062697061913704383e+05
-4.062656154556848924e+05
-4.062630793917283881e+05
-4.062625021827623714e+05
-4.062627345168997999e+05
-4.062624091312611126e+05
-4.062614560447322438e+05
-4.062616861311305547e+05
-4.062647514830349828e+05
-4.062689101936871302e+05
-4.062713626890660380e+05
-4.062723451844551601e+05
-4.062737220463473350e+05
-4.062761927689946024e+05
-4.062787417188586551e+05
-4.062798571722158231e+05
-4.062784137566660647e+05
-4.062744621975676273e+05
-4.062705689548094524e+05
-4.062688658275104826e+05
-4.062677003767064307e+05
-4.062658129617899540e+05
-4.062646083989463514e+05
-4.062656638234896236e+05
-4.062688487096788594e+05
-4.062728042653852608e+05
-4.062755925442351727e+05
-4.062751096806949936e+05
-4.062713559163559694e+05
-4.062677182826900389e+05
-4.062660117668397143e+05
-4.062643456230681622e+05
-4.062619875402586185e+05
-4.062601976428285125e+05
-4.062600125036806567e+05
-4.062617430029439856e+05
-4.062651040423450177e+05
-4.062680671227512066e+05
-4.062685360116548254e+05
-4.062679821692600381e+05
-4.062693832040731213e+05
-4.062724069401751622e+05
-4.062749456597518292e+05
-4.062765358453809749e+05
-4.062776536983344122e+05
-4.062785737935514189e+05
-4.062794841805689503e+05
-4.062798183802060084e+05
-4.062780121687839273e+05
-4.062742909420674550e+05
-4.062713329024450504e+05
-4.062701532266282011e+05
-4.062692847522251541e+05
-4.062679874171219999e+05
-4.062666399571875227e+05
-4.062656164063618053e+05
-4.062658356726138154e+05
-4.062680985214440152e+05
-4.062706307795554167e+05
-4.062715278715291643e+05
-4.062721115676884656e+05
-4.062744292765367427e+05
-4.062774709167397232e+05
-4.062791166840228252e+05
-4.062788010429793503e+05
-4.062771409094937262e+05
-4.062754302514531300e+05
-4.062744734532054863e+05
-4.062729090964948991e+05
-4.062693380434694700e+05
-4.062649953144014580e+05
-4.062629970474217553e+05
-4.062644068272071891e+05
-4.062667643496507080e+05
-4.062679761721517425e+05
-4.062681784341513994e+05
-4.062687584487122949e+05
-4.062711556868596817e+05
-4.062742618996727979e+05
-4.062753858457434108e+05
-4.062738705998087535e+05
-4.062719711260422482e+05
-4.062724505727931974e+05
-4.062742831640872173e+05
-4.062740775254589971e+05
-4.062706676275408245e+05
-4.062660605814312585e+05
-4.062634723551200586e+05
-4.062632087904623477e+05
-4.062629940717716818e+05
-4.062620008171046502e+05
-4.062615374352243962e+05
-4.062641248100051889e+05
-4.062701844445982715e+05
-4.062757760324054980e+05
-4.062773304845062667e+05
-4.062755600474006496e+05
-4.062741436819030205e+05
-4.062747419011421152e+05
-4.062752848644046462e+05
-4.062737998788605910e+05
-4.062703645442173583e+05
-4.062670651325244107e+05
-4.062664797979378491e+05
-4.062676492654302274e+05
-4.062672195538271917e+05
-4.062655160707302857e+05
-4.062663993292571395e+05
-4.062707530522915768e+05
-4.062759308502943022e+05
-4.062799964561068919e+05
-4.062821901496252394e+05
-4.062822550548153231e+05
-4.062812358043121640e+05
-4.062801669993837713e+05
-4.062778627374366042e+05
-4.062742324701047037e+05
-4.062715657806331292e+05
-4.062705064172127168e+05
-4.062704806993633392e+05
-4.062712948170109303e+05
-4.062725857038265094e+05
-4.062735138236350031e+05
-4.062735705385711044e+05
-4.062732485264235875e+05
-4.062726565935746185e+05
-4.062714307656890596e+05
-4.062695972425434738e+05
-4.062673516897576046e+05
-4.062660679509027977e+05
-4.062671701311789802e+05
-4.062704560131396283e+05
-4.062742299569291645e+05
-4.062762307414769311e+05
-4.062754135308350669e+05
-4.062737396366936155e+05
-4.062735224838935537e+05
-4.062730121071994072e+05
-4.062698328610655735e+05
-4.062656951619416359e+05
-4.062636693592175143e+05
-4.062649644591318211e+05
-4.062685662381599541e+05
-4.062720594147464144e+05
-4.062734854708732455e+05
-4.062743839283076813e+05
-4.062780644202448893e+05
-4.062820972688065376e+05
-4.062816565450393246e+05
-4.062773811577808228e+05
-4.062732478568709921e+05
-4.062716600928009721e+05
-4.062719036317479331e+05
-4.062713237884970731e+05
-4.062677834037434077e+05
-4.062631157609239453e+05
-4.062624549206293887e+05
-4.062663653276548721e+05
-4.062699046280720504e+05
-4.062707788027714123e+05
-4.062709345154887415e+05
-4.062726988356316579e+05
-4.062762066570348688e+05
-4.062794442565320642e+05
-4.062799389348211116e+05
-4.062770636003233376e+05
-4.062732004265653668e+05
-4.062714982348830672e+05
-4.062710523962859297e+05
-4.062690806491127005e+05
-4.062661879934701719e+05
-4.062648737971867668e+05
-4.062660918502296554e+05
-4.062682937528272159e+05
-4.062693328144327388e+05
-4.062692454230671865e+05
-4.062691225454119849e+05
-4.062700081376466551e+05
-4.062726732941124937e+05
-4.062750389020160073e+05
-4.062755406742999330e+05
-4.062755194161605323e+05
-4.062767071554745198e+05
-4.062790235528279445e+05
-4.062809610116270487e+05
-4.062815135977477767e+05
-4.062800226916515967e+05
-4.062760144314221689e+05
-4.062719465377100278e+05
-4.062703994475507643e+05
-4.062699248614884564e+05
-4.062692339245831827e+05
-4.062694406870808452e+05
-4.062714419868140249e+05
-4.062746298348479904e+05
-4.062784881962355576e+05
-4.062823713982141344e+05
-4.062837340037179529e+05
-4.062819127766210004e+05
-4.062804270870113396e+05
-4.062808344912791508e+05
-4.062804473066224018e+05
-4.062777202814849443e+05
-4.062737353369985358e+05
-4.062710483632823452e+05
-4.062718790860863519e+05
-4.062745645261692698e+05
-4.062752370004900149e+05
-4.062727844737356645e+05
-4.062696338596053538e+05
-4.062698716022470617e+05
-4.062735138437153073e+05
-4.062759096442383016e+05
-4.062742873276126920e+05
-4.062704086073068902e+05
-4.062689394180595409e+05
-4.062711299520675675e+05
-4.062731307592056692e+05
-4.062725586625595461e+05
-4.062700677786595770e+05
-4.062684889660125482e+05
-4.062709858645911445e+05
-4.062757724248534068e+05
-4.062777076704265201e+05
-4.062754618170635658e+05
-4.062731078525988851e+05
-4.062739880068362691e+05
-4.062755593194896355e+05
-4.062750838687192299e+05
-4.062726616167882457e+05
-4.062696655431875261e+05
-4.062689142957167351e+05
-4.062720771262019989e+05
-4.062752523606675677e+05
-4.062743923193647061e+05
-4.062718775417854777e+05
-4.062712793796497281e+05
-4.062720052236534539e+05
-4.062727361887622392e+05
-4.062732488608860876e+05
-4.062733744864055188e+05
-4.062735786271685502e+05
-4.062760691163651063e+05
-4.062813186939245788e+05
-4.062853975803481881e+05
-4.062866244856675621e+05
-4.062871034479811788e+05
-4.062869748618719750e+05
-4.062854117281773943e+05
-4.062830046983718639e+05
-4.062804919972214848e+05
-4.062777521872054785e+05
-4.062747777595449588e+05
-4.062728136943430291e+05
-4.062719232169468887e+05
-4.062714190971499775e+05
-4.062717494953344576e+05
-4.062714640305952635e+05
-4.062701172351932619e+05
-4.062694320318422979e+05
-4.062707590983455884e+05
-4.062738161796749337e+05
-4.062767380760051310e+05
-4.062781518241606536e+05
-4.062791428160284995e+05
-4.062808865124441800e+05
-4.062819772952652420e+05
-4.062805451397460420e+05
-4.062770751521456987e+05
-4.062737493674834259e+05
-4.062722362061353633e+05
-4.062729694202381070e+05
-4.062748611455173814e+05
-4.062757243281327537e+05
-4.062752001537596807e+05
-4.062767608194593922e+05
-4.062809030259841820e+05
-4.062827276623402140e+05
-4.062808101514406153e+05
-4.062781305672763265e+05
-4.062772581106980215e+05
-4.062786035695046885e+05
-4.062806659610526985e+05
-4.062807803058337886e+05
-4.062778444304744480e+05
-4.062752195048975991e+05
-4.062754465792503906e+05
-4.062747371427375474e+05
-4.062706452166665113e+05
-4.062659996477487730e+05
-4.062642935109141399e+05
-4.062663166096998029e+05
-4.062702869965933496e+05
-4.062731941433127504e+05
-4.062735492302309722e+05
-4.062726716142695514e+05
-4.062724674553088262e+05
-4.062734103717912803e+05
-4.062733810237994767e+05
-4.062715294371654163e+05
-4.062700251004834427e+05
-4.062705642823737580e+05
-4.062725544896214269e+05
-4.062742162609068328e+05
-4.062755515935926815e+05
-4.062775733112298767e+05
-4.062779646355667501e+05
-4.062765275497054099e+05
-4.062765197710976354e+05
-4.062772240005366039e+05
-4.062770054785109241e+05
-4.062766140092193382e+05
-4.062766119610283058e+05
-4.062765224430330563e+05
-4.062768375965018058e+05
-4.062786857330885832e+05
-4.062796031871181331e+05
-4.062762847505921382e+05
-4.062715320074443007e+05
-4.062698198615787551e+05
-4.062695945850407588e+05
-4.062686329825803987e+05
-4.062673655407747719e+05
-4.062662207764489576e+05
-4.062663282023103093e+05
-4.062698731873360812e+05
-4.062752344044832280e+05
-4.062778675102738198e+05
-4.062769274269966991e+05
-4.062770192059087567e+05
-4.062811050407450530e+05
-4.062853662180508836e+05
-4.062862328406734159e+05
-4.062834356191856787e+05
-4.062786763267212082e+05
-4.062753821553600719e+05
-4.062747648422619095e+05
-4.062741035212950665e+05
-4.062710483174741385e+05
-4.062666653311616974e+05
-4.062657091554034268e+05
-4.062697719750738470e+05
-4.062740069067948498e+05
-4.062748570993361063e+05
-4.062731916985357529e+05
-4.062726249194051488e+05
-4.062744258861028939e+05
-4.062759554624719894e+05
-4.062752994709432242e+05
-4.062721241448613000e+05
-4.062683625241033151e+05
-4.062683852016691817e+05
-4.062718386901622289e+05
-4.062734995051231817e+05
-4.062720577800840838e+05
-4.062711825712491409e+05
-4.062730168863116996e+05
-4.062755478172405274e+05
-4.062771863217286882e+05
-4.062775774270647089e+05
-4.062763417002168135e+05
-4.062750105994549813e+05
-4.062763780581172323e+05
-4.062782549672696623e+05
-4.062770820440825191e+05
-4.062744593442819314e+05
-4.062733110546076787e+05
-4.062732972136306344e+05
-4.062736470439017867e+05
-4.062746945222923532e+05
-4.062759346034287009e+05
-4.062761476102734450e+05
-4.062764342465728987e+05
-4.062784031881510746e+05
-4.062797871716485242e+05
-4.062797332353244419e+05
-4.062787836647311924e+05
-4.062768668353069224e+05
-4.062754043378208880e+05
-4.062759870349849225e+05
-4.062784168484053807e+05
-4.062802207330223173e+05
-4.062785500178440125e+05
-4.062748793903561309e+05
-4.062743605309884879e+05
-4.062769697368247434e+05
-4.062775929152541794e+05
-4.062746966006038128e+05
-4.062710659442159813e+05
-4.062696718898186227e+05
-4.062717174477967201e+05
-4.062760086828076746e+05
-4.062787319592034910e+05
-4.062765923632791382e+05
-4.062734295622868231e+05
-4.062753786287566763e+05
-4.062781061232712236e+05
-4.062761055514491745e+05
-4.062713112182267942e+05
-4.062678127598928404e+05
-4.062677178478259593e+05
-4.062707533202381455e+05
-4.062742033536639065e+05
-4.062743630228286493e+05
-4.062712904997455771e+05
-4.062702453362376546e+05
-4.062727246268996969e+05
-4.062740507879066863e+05
-4.062723578927775961e+05
-4.062699304626382072e+05
-4.062689804220403894e+05
-4.062702574936067103e+05
-4.062731410315362155e+05
-4.062757931000363897e+05
-4.062765558384612086e+05
-4.062757052869845065e+05
-4.062754202376565663e+05
-4.062764715727204457e+05
-4.062761946239126846e+05
-4.062739012128597242e+05
-4.062716905307767447e+05
-4.062710814907638705e+05
-4.062718705839600880e+05
-4.062734781823504018e+05
-4.062764822096339776e+05
-4.062795147584793740e+05
-4.062799326998867327e+05
-4.062804848247879418e+05
-4.062828435451471014e+05
-4.062843307828227407e+05
-4.062840867180227651e+05
-4.062828680167626007e+05
-4.062808237508264720e+05
-4.062786836748574278e+05
-4.062783130890820757e+05
-4.062785065728512709e+05
-4.062750839170374675e+05
-4.062683276276725228e+05
-4.062643746045944281e+05
-4.062655614766901708e+05
-4.062679706557157915e+05
-4.062691014686229173e+05
-4.062692261321702390e+05
-4.062700256652419921e+05
-4.062737153796863277e+05
-4.062792483568513417e+05
-4.062823082487956272e+05
-4.062804504272271879e+05
-4.062763666430918965e+05
-4.062760591439841664e+05
-4.062793946920666494e+05
-4.062807490326428087e+05
-4.062784349991176859e+05
-4.062760199453482055e+05
-4.062766212431488093e+05
-4.062789396999884630e+05
-4.062807004809778300e+05
-4.062805593352659489e+05
-4.062782105408520438e+05
-4.062764126696586609e+05
-4.062785846237379010e+05
-4.062818744332805509e+05
-4.062815869931414491e+05
-4.062791532025657361e+05
-4.062776790459531476e+05
-4.062766100207689451e+05
-4.062754127433106187e+05
-4.062746848504883819e+05
-4.062740877350384835e+05
-4.062730217037022230e+05
-4.062729334689638927e+05
-4.062754409630403388e+05
-4.062773036666326807e+05
-4.062761288841349306e+05
-4.062740661888723262e+05
-4.062713880435873289e+05
-4.062685434137568227e+05
-4.062676556660270435e+05
-4.062693167326193070e+05
-4.062719187446867581e+05
-4.062737875984996790e+05
-4.062757549468312645e+05
-4.062789299171153689e+05
-4.062814773766443832e+05
-4.062815814679202740e+05
-4.062788041842918610e+05
-4.062747091633439413e+05
-4.062719201685058069e+05
-4.062716196121631074e+05
-4.062727958642881131e+05
-4.062732265679836855e+05
-4.062717199314793106e+05
-4.062703161149166408e+05
-4.062715320174844819e+05
-4.062737870092683006e+05
-4.062735847522887634e+05
-4.062705526627803338e+05
-4.062677359200995415e+05
-4.062678483352889307e+05
-4.062710793214635341e+05
-4.062752577999198693e+05
-4.062769059674268356e+05
-4.062746445712810964e+05
-4.062728690582512063e+05
-4.062751883685037610e+05
-4.062769990214380668e+05
-4.062750046745102736e+05
-4.062719255493997480e+05
-4.062712308286122279e+05
-4.062737489909777069e+05
-4.062777621137782116e+05
-4.062801227718867594e+05
-4.062782083803368732e+05
-4.062740226127301576e+05
-4.062736185725408141e+05
-4.062766658634668565e+05
-4.062773165167722618e+05
-4.062747084304128657e+05
-4.062723425928409561e+05
-4.062729005441679037e+05
-4.062760467707517673e+05
-4.062790491338802385e+05
-4.062789529918947374e+05
-4.062762932753086789e+05
-4.062749434377407306e+05
-4.062763451063383836e+05
-4.062785911397965974e+05
-4.062792608637431404e+05
-4.062784978303888929e+05
-4.062781013002332766e+05
-4.062786240658474853e+05
-4.062788540738071315e+05
-4.062780530842858134e+05
-4.062771463932992192e+05
-4.062755935350726941e+05
-4.062726543414430926e+05
-4.062707949724362115e+05
-4.062711620008602622e+05
-4.062722422509343596e+05
-4.062736408070849138e+05
-4.062757028679353534e+05
-4.062774820487582474e+05
-4.062780789502273547e+05
-4.062790127446042607e+05
-4.062797512128441012e+05
-4.062771141562536941e+05
-4.062726811354712700e+05
-4.062710999828413478e+05
-4.062728556935538654e+05
-4.062755819594049244e+05
-4.062780230491711409e+05
-4.062795422088824562e+05
-4.062800822253604420e+05
-4.062814728767737397e+05
-4.062836186611967860e+05
-4.062830900133084506e+05
-4.062788837110808236e+05
-4.062741411285668146e+05
-4.062720630925795413e+05
-4.062721235757102259e+05
-4.062722665135891875e+05
-4.062718102633543895e+05
-4.062716455960765015e+05
-4.062738306757718674e+05
-4.062781179762982647e+05
-4.062810445871072588e+05
-4.062807371099623269e+05
-4.062786814271184267e+05
-4.062780424266644404e+05
-4.062797559392456897e+05
-4.062811703613463906e+05
-4.062799090590937994e+05
-4.062771540093820076e+05
-4.062768792524649180e+05
-4.062794192841639742e+05
-4.062813224307436612e+05
-4.062813269582246430e+05
-4.062801114516153466e+05
-4.062790964926496963e+05
-4.062799728906151722e+05
-4.062819123179115704e+05
-4.062819401981586707e+05
-4.062800213600764400e+05
-4.062791553091151291e+05
-4.062787740023399238e+05
-4.062765764603058924e+05
-4.062729829581280937e+05
-4.062697097876273328e+05
-4.062679119584771106e+05
-4.062683344041476375e+05
-4.062705794191578752e+05
-4.062721494221989997e+05
-4.062722364609041833e+05
-4.062733989065652131e+05
-4.062753165643020184e+05
-4.062756976357611711e+05
-4.062747651717044064e+05
-4.062739869143422111e+05
-4.062738948586985352e+05
-4.062738052559895441e+05
-4.062728793387393234e+05
-4.062712664021257660e+05
-4.062703047601322760e+05
-4.062699140137317008e+05
-4.062682726032469654e+05
-4.062660059335114784e+05
-4.062650897897217073e+05
-4.062665187198420754e+05
-4.062699764860674040e+05
-4.062738056563406135e+05
-4.062763504621319589e+05
-4.062785365050543915e+05
-4.062824816623009974e+05
-4.062858576383106411e+05
-4.062852267829299089e+05
-4.062818198989399243e+05
-4.062788436715821736e+05
-4.062779222893432016e+05
-4.062790336281204363e+05
-4.062806661129099666e+05
-4.062806668602738064e+05
-4.062798956793362740e+05
-4.062817660397995496e+05
-4.062842783123608679e+05
-4.062830445012993878e+05
-4.062787481012578355e+05
-4.062749067334550200e+05
-4.062736060763166170e+05
-4.062744919459105004e+05
-4.062758576644888381e+05
-4.062757239039363922e+05
-4.062742770615572808e+05
-4.062744682605644339e+05
-4.062764194517814321e+05
-4.062770241224456113e+05
-4.062750905240849825e+05
-4.062723550413743942e+05
-4.062710533664156101e+05
-4.062713464943008148e+05
-4.062714640268301591e+05
-4.062698876181720989e+05
-4.062672894665431231e+05
-4.062664588265704224e+05
-4.062682656234588940e+05
-4.062708423933291342e+05
-4.062725218120641657e+05
-4.062734536937921657e+05
-4.062752384657246876e+05
-4.062784885878014611e+05
-4.062812914010263630e+05
-4.062815374719742103e+05
-4.062801552291881526e+05
-4.062793377876227023e+05
-4.062786755379418028e+05
-4.062777764724506414e+05
-4.062773296499185963e+05
-4.062770455048318254e+05
-4.062766957316640764e+05
-4.062768489230482955e+05
-4.062773082179591293e+05
-4.062768206167222233e+05
-4.062751827416260494e+05
-4.062739592499583960e+05
-4.062735451702445280e+05
-4.062730085191000253e+05
-4.062727207532835309e+05
-4.062730212895458681e+05
-4.062732284492571489e+05
-4.062733303574274178e+05
-4.062741162848382955e+05