1.534453109262118309e-01 8.573730541345427980e+01 -1.299254413451831880e+01
2.047905903291998797e+01 1.835211847785334527e+00 -4.381899560665334548e+01
-5.758823863848958613e-01 -1.406857048372661545e+01 -3.374705884533907962e+00
-1.595139425329710292e+01 1.688866050587988665e+00 1.101906667770141190e+01
3.754289740160664302e+00 3.192756506244035464e+01 -9.538321798906603810e-01
-1.019263798127753162e+01 -7.077157434840327888e+00 -2.020121629620240356e+01
-1.068963358783734208e+01 -1.596628224308596167e+01 2.587521952909895617e+00
-1.738093061349038138e+01 2.606934919220884694e+01 -1.568273096133902378e+01
-2.600118579682506947e+01 -1.256306090730133818e+01 -2.774340907469617790e+01
2.107399520026286055e+01 2.643737958829654389e+01 6.917179077148382760e+01
-1.439754584646535918e+01 -9.052775773916478386e+01 3.796190982437634176e+01
2.097489016269981477e+01 -2.851376856991044662e+01 5.571692208141698899e+01
1.657390077210082779e+01 3.714384117000832930e+01 -2.047112232916396657e+00
1.479675623486753899e+01 1.536395840737314700e+01 -5.030585699394720933e+01
6.119337337015779976e-01 -4.017046336305337917e+01 1.821000250618980232e+01
-8.599308831153848587e+00 -1.326840654921699070e+01 7.251370038890579961e-01
2.819848114553353380e+00 -4.457779571322070922e+00 -2.499358728121025663e+01
6.776388023922997661e+00 7.078325469085013033e+00 1.824210151021964066e+01
-4.120137038741290780e+00 3.766375633583848082e+00 -1.110542057594150700e+00
-1.120201760088779253e+00 -8.927430402363482287e+00 -3.142236238480697441e+00
1.014347026159489129e+00 -1.507501756659869852e+00 -7.267683386204426554e+00
-1.404490622851144455e+00 1.044763705130514069e+02 -1.251112903754320271e+01
2.285299910571510296e+01 8.337641886448201589e-01 -2.922179416857024847e+01
2.657666856134148325e+00 -3.075670619077926560e+01 -8.972186865812383783e-01
-1.935912882597032691e+01 1.043387796364921449e+01 1.078329333275917179e+01
2.030660144479068396e-01 3.698121522850104981e+01 7.735125947641336985e+00
-1.051379522241707498e+01 -2.255630654934927204e+00 -3.519283384608741727e+01
-8.705595204133965481e+00 -1.222314634059586957e+01 -9.489547771984609525e+00
-5.471903663026737696e+00 3.799623461548971903e+01 -1.885300950826471933e+01
-2.073048166509787649e+01 -7.944818333012394262e+00 -2.603013881623445513e+01
1.140597179569028796e+01 1.855474455249945009e+01 7.644443089184338191e+01
-1.808596912761987241e+01 -1.031086842342127454e+02 5.080584205668046849e+01
2.000775780810012350e+01 -3.193927979371268577e+01 4.890036553769250105e+01
1.345520309174907503e+01 3.593224814165770198e+01 2.554646235752876304e+00
1.711560303760367674e+01 1.959828057656039846e+01 -5.748875176638156148e+01
-3.016196449817358238e-01 -5.785214678595914251e+01 2.079509589652800727e+01
-1.057830272990606346e+01 -1.918348374946567958e+01 2.775522104333710827e-01
1.411766823993673370e+00 6.528261975704726439e+00 -2.037083858496211874e+01
8.420637538007131440e+00 5.772214160997171106e+00 9.447066900125099309e+00
-3.484074207769801146e-01 1.921972482823327555e+00 -1.749023964564786704e+00
-1.189734779383835539e+00 -1.006045326524773387e+01 -5.206348409398934507e+00
-8.412407936323763602e-01 -3.704832680015382795e+00 -1.073278563470445590e+01
-4.965062179986091451e+00 8.925068601546081482e+01 -5.905160174473758516e+00
2.401683672787082457e+01 -4.144745207924758645e+00 -1.268023193645604252e+01
5.924063356092573507e+00 -4.597103881849739793e+01 -1.159744166102268048e+00
-2.187203888580853217e+01 1.774400783288767514e+01 1.222719117796502886e+01
-3.843239401813571376e+00 4.007923573816793805e+01 1.611528546641766368e+01
-1.089282767101461324e+01 3.525254233368986245e+00 -4.625449167705418319e+01
-6.632258527236633228e+00 -7.465181968389593692e+00 -2.085372884396808502e+01
3.918754890920240541e+00 4.586526827789945315e+01 -1.963857005016185298e+01
-1.408177816435332730e+01 -2.457506104528352608e+00 -2.380013732285322448e+01
2.447604494433809563e+00 1.241753214116448767e+01 7.590567420711596469e+01
-1.894325764453481398e+01 -1.097144194904332579e+02 5.821457061767234364e+01
1.764504035062653742e+01 -3.566084560187706387e+01 4.073472469806983298e+01
1.011196061088444864e+01 3.377693917721480688e+01 6.899012646469895316e+00
1.831196418791066094e+01 2.110787412246658334e+01 -5.611361141316515955e+01
9.951153719662796382e-01 -4.533349845385192367e+01 1.639732601148670454e+01
-1.196167979973525064e+01 -2.024638305391390958e+01 -1.204730678935403532e+00
-1.201735293654108278e-01 1.787011877084510658e+01 -1.425523895752933257e+01
9.726318392865712426e+00 4.803504663711763989e+00 -1.496362148848116913e+00
3.199975076458349665e+00 1.555477725666459532e-01 -2.227791121978090150e+00
-9.317118643572943615e-01 -1.024812612991872207e+01 -7.337043275550524157e+00
-2.053606977645475951e+00 -5.354222730597701485e+00 -1.356694187229981630e+01
-1.007714014635556765e+01 5.155806678265211929e+01 5.352197347359202162e+00
2.376433144060116120e+01 -1.281980194921264449e+01 4.366914807836508317e+00
8.780254530068388519e+00 -5.521431872466112623e+01 -2.008294363881083289e+00
-2.351508360517936325e+01 2.301505585286964362e+01 1.266269956457007773e+01
-8.042233574840743415e+00 4.015357726392208804e+01 2.294152068578188164e+01
-1.136704838853540522e+01 9.365506092663702375e+00 -5.232623250796520153e+01
-4.643559864770200107e+00 -1.950336148913312417e+00 -3.048712625874896531e+01
1.068291590865343821e+01 4.964966721349851042e+01 -1.816860073195735836e+01
-6.473104671281065592e+00 3.377848311689661376e+00 -2.100212611247843597e+01
-5.249537216734665002e+00 8.443923516142046282e+00 6.806274166324406849e+01
-1.738276745109953936e+01 -1.101322911528543500e+02 5.905831349481364612e+01
1.416532522294147256e+01 -3.895448516654351323e+01 3.152949424856522498e+01
6.754574836175797792e+00 3.057297499700100474e+01 1.078288185267500410e+01
1.837620251390366377e+01 1.964164725713135695e+01 -4.650965439045820204e+01
4.140516568212526671e+00 -1.354413852354316106e+01 6.439543549257621180e+00
-1.243907496159413562e+01 -1.627880433156580864e+01 -3.491242499149622702e+00
-1.359041639606407559e+00 2.593328802547257084e+01 -9.024263405801839610e+00
1.068846081030637940e+01 3.774213914149708415e+00 -1.131279823761142289e+01
5.629645205494569815e+00 -8.334475742861083836e-01 -2.630956225310245866e+00
-4.244861751285486373e-01 -9.734054692776709317e+00 -8.770084924299432316e+00
-2.009149341231761809e+00 -6.024090962835686014e+00 -1.546492518479827893e+01
-1.487103372625699826e+01 1.250638812291350455e+01 1.614403571033888340e+01
2.206167309935333520e+01 -2.414903093047317029e+01 2.073987455773965749e+01
1.101789390017045456e+01 -5.633786212992911402e+01 -1.915617665039296647e+00
-2.441250981053504177e+01 2.619913261956302009e+01 8.980438998105549686e+00
-1.207079791462025042e+01 3.667692274170456557e+01 2.726216710767002382e+01
-1.189540541810963070e+01 1.437464051705384094e+01 -5.317359925581893521e+01
-2.854689923870462831e+00 4.100244881934589358e+00 -3.773241184717305430e+01
1.466537194839628278e+01 4.930486231864574620e+01 -1.451690234477027452e+01
1.665704583717735110e+00 9.080340907762431968e+00 -1.761555964061929913e+01
-1.118695055204213240e+01 7.412028702416204595e+00 5.279333948189830039e+01
-1.353347561600182836e+01 -1.042722882495195336e+02 5.310796640366172028e+01
9.914292456215026306e+00 -4.115708113766187637e+01 2.157244106660058947e+01
3.533728114295405565e+00 2.629158994141468852e+01 1.408177223524548616e+01
1.708964066018931405e+01 1.459015528632480141e+01 -2.875061626919348612e+01
7.275776618407451934e+00 1.746720624750697581e+01 -4.242630035094117957e+00
-1.190670985511936308e+01 -7.987081013703354770e+00 -6.221435388216986162e+00
-2.078363374524969664e+00 2.888748142295300170e+01 -5.844780511863705286e+00
1.137497560571887867e+01 1.934498316048316235e+00 -1.649729314132983760e+01
6.470083197925268870e+00 -6.552185925843336811e-01 -3.035513483163478465e+00
2.055360807744856522e-01 -8.714980981846338182e+00 -8.927860855592740563e+00
-4.647388882613946448e-01 -5.551951362167100612e+00 -1.620781868084969801e+01
-1.818719559996844026e+01 -1.689521572750894052e+01 2.295290338701512312e+01
1.918572969551587093e+01 -3.585058653936300743e+01 3.526886872504096004e+01
1.257369891258973915e+01 -4.884021711028824342e+01 1.228487428232897666e-01
-2.462635850050266839e+01 2.738905238711149437e+01 -2.360864018362476002e-01
-1.555489583882141424e+01 2.976393518805333827e+01 2.864416981030165843e+01
-1.237225747369027751e+01 1.807241637291681258e+01 -4.932425643039380248e+01
-1.351381232275779221e+00 1.040166867821352703e+01 -4.217271359440130851e+01
1.558759249692163351e+01 4.473377156737349480e+01 -8.772123351575181971e+00
9.826215559236322505e+00 1.415544140017045294e+01 -1.369616796351693111e+01
-1.537515730626330779e+01 9.315430033659815479e+00 3.191391625619026939e+01
-7.297070416307776419e+00 -9.229164004797922871e+01 4.122291557948568652e+01
5.286687820645076918e+00 -4.165878919913375000e+01 1.122855273011960087e+01
6.050180223157846093e-01 2.099533965564357629e+01 1.667401138635371538e+01
1.459903353240598101e+01 6.236038780829477268e+00 -5.234387160379230686e+00
9.224202408774379691e+00 3.759914210440835802e+01 -1.236839406702105215e+01
-1.057914347739792227e+01 2.613595797551670152e+00 -8.879003821160971199e+00
-2.178347105870058975e+00 2.620589298832338088e+01 -5.224968179662949019e+00
1.177255430364320254e+01 -1.281950193635588819e+00 -1.531939997612613347e+01
5.658419165847154986e+00 7.520492243795554588e-01 -3.498122635888370358e+00
8.297999871422983009e-01 -7.319718422438994843e+00 -7.563530451792122022e+00
2.372856231881771194e+00 -4.095656938287189242e+00 -1.573903139775443805e+01
-1.988210341144645099e+01 -3.538362660730436460e+01 2.478862158061008003e+01
1.578000271875761662e+01 -4.425223788824154525e+01 4.684014167569641529e+01
1.347786058445283786e+01 -3.333095524287620748e+01 4.755840565777613271e+00
-2.408126715695787823e+01 2.632370554694648490e+01 -1.359418849447254907e+01
-1.809414892479737347e+01 2.022017402561335331e+01 2.724727200295175322e+01
-1.269583141918583102e+01 2.040705001819051034e+01 -4.180102731041882436e+01
-1.608495807981072667e-01 1.667213423081124191e+01 -4.366402532919042301e+01
1.310216859521294452e+01 3.580857406702293844e+01 -1.042611083237744651e+00
1.754709030327092734e+01 1.821777319492627356e+01 -9.346342030299879866e+00
-1.923374005334793324e+01 1.110839105896987355e+01 1.263835583359631975e+01
1.677668337519393260e+00 -7.449869691643627334e+01 2.501308930272101705e+01
6.766546890728433183e-01 -4.008249911912366059e+01 7.613033758978564602e-01
-1.980332691302721049e+00 1.486752369441510169e+01 1.856587941702492373e+01
1.226445324910285173e+01 -2.081712134633590949e+00 1.605172780200481242e+01
9.831838725112769239e+00 4.606341906194713687e+01 -1.710137436460673754e+01
-9.047842281864102887e+00 1.203255754068865535e+01 -1.080388749593425146e+01
-1.651381044995341885e+00 1.822491776987472889e+01 -7.309259476207393469e+00
1.171916031589146989e+01 -5.681654153654637440e+00 -8.993226897897111272e+00
3.564244046531690024e+00 3.093802542348778939e+00 -4.024135296222246971e+00
1.367912770758177299e+00 -5.598981045562260839e+00 -4.780931364339342515e+00
5.818441043190652806e+00 -2.129659643922543921e+00 -1.420122597091899230e+01
-2.014868558655232533e+01 -4.386609288187789701e+01 2.173504447749807511e+01
1.267639343203975244e+01 -4.522733066302863136e+01 5.447311383852283484e+01
1.387011612935747351e+01 -1.205566090230206555e+01 1.172351465268993209e+01
-2.267006596985224220e+01 2.250710206919801948e+01 -2.785123701571496824e+01
-1.929746610442347432e+01 9.473787017521546616e+00 2.376139771804141176e+01
-1.275076578915466641e+01 2.153987840633757500e+01 -3.206373769640403282e+01
7.168469253057105917e-01 2.253351505880829819e+01 -4.228182696600003254e+01
7.124648402825520144e+00 2.281105422520442261e+01 8.283956186590685888e+00
2.443466214325074759e+01 2.100980786459728833e+01 -4.728660349612700209e+00
-2.485526712438654684e+01 6.780110317825604582e+00 6.188773118942243912e+00
1.351313284699920914e+01 -5.177913356850543636e+01 6.681881602401464448e+00
-3.649024359550774310e+00 -3.631249249989795658e+01 -9.546039125672505676e+00
-4.148300300986248246e+00 8.194840509918231319e+00 1.977792661503617921e+01
1.207262645147842761e+01 -4.050847112867717037e+00 2.320433313412241816e+01
9.279437977421542527e+00 4.412399009981820086e+01 -1.836903896581011608e+01
-8.077946963010486314e+00 1.621408337619454443e+01 -1.131308994971720239e+01
-6.371383711338549638e-01 6.577583852191232872e+00 -1.149846232054586714e+01
1.103224471278891627e+01 -1.031296210998210405e+01 -6.892042387291964500e-01
9.450428704270972258e-01 5.734857224133891762e+00 -4.532598983168202977e+00
1.806989294461966322e+00 -3.537979284617434050e+00 -1.020940194078729935e+00
8.762520568515828501e+00 -3.581121844912004692e-01 -1.193510553839169042e+01
-1.917047528686243041e+01 -4.206355871904769828e+01 1.394110889500299599e+01
1.035322668133063218e+01 -3.686504266110677719e+01 5.757092564359372489e+01
1.410004100232531066e+01 1.097063298156949429e+01 1.904469044983625281e+01
-2.042136881362663203e+01 1.568891027753095813e+01 -3.997937770390909407e+01
-1.893958515513806873e+01 -8.588893760320269744e-01 1.907544354638617889e+01
-1.244031533095448161e+01 2.169719305304085211e+01 -2.151317133297838069e+01
1.300770367744629841e+00 2.768343259141931512e+01 -3.815176578655440665e+01
-1.951571774987386210e+00 6.541393763751069734e+00 1.863191544851533976e+01
3.024391188346621462e+01 2.240867769321512171e+01 2.032142421439329244e-02
-3.223161919910162965e+01 -6.660401630514932059e+00 1.681062158847606725e+01
2.781481450624743701e+01 -2.538937420274501733e+01 -1.194472136548829511e+01
-7.534588104776850592e+00 -3.040262698544153963e+01 -1.956226243224762129e+01
-5.881773401505545174e+00 1.195768239522881693e+00 2.038246556543840882e+01
1.395547512330184503e+01 3.448175831435417393e+00 1.178841466711799590e+01
7.715226675905226372e+00 3.173644857193529134e+01 -1.581002534922152591e+01
-8.051353728521837283e+00 1.312763174174708958e+01 -1.000568846776314835e+01
5.025369507480483833e-01 -5.431535925201775861e+00 -1.579057906132447364e+01
9.670769767324543409e+00 -1.412052844155925158e+01 6.568501644800321948e+00
-1.221365383894235546e+00 7.826262264266020452e+00 -4.834753433677200896e+00
2.217325060817080029e+00 -1.053824211986726489e+00 3.092958237392214649e+00
9.969919345979700864e+00 5.212563300237915698e-01 -9.335023363431327326e+00
-1.719569816960676434e+01 -2.831333507934396110e+01 1.471979285762608614e+00
8.712009312996407573e+00 -2.119127888246654834e+01 5.590956828174505233e+01
1.464934912736664607e+01 2.999575974717343740e+01 2.283268123896541368e+01
-1.760448050970752476e+01 6.435630338082531487e+00 -4.769239993751901352e+01
-1.718692783328829421e+01 -9.295761997129504906e+00 1.403211121379047022e+01
-1.169259316947731975e+01 2.096312206945691159e+01 -1.144554384724298224e+01
1.577294470878364052e+00 3.178083150159020676e+01 -3.158547807062192803e+01
-1.265927254023795534e+01 -1.089228100727166826e+01 2.885283527419464633e+01
3.474931879225381692e+01 2.240705193184511046e+01 4.663197069939736927e+00
-3.872024508888897287e+01 -2.479356882819264385e+01 3.637502442865430652e+01
4.288873163043083281e+01 2.035984483320325555e+00 -2.898978106382080000e+01
-1.088084020078159142e+01 -2.269726990244851805e+01 -2.890398450171776190e+01
-7.120232403305510438e+00 -5.776091797525213956e+00 2.045672408368277218e+01
1.545335749540040382e+01 1.612713893881348071e+01 -9.785799202727066159e+00
5.358632801009870050e+00 7.840660509747211293e+00 -8.670848260542312502e+00
-8.654274032483460388e+00 4.272946749306942849e+00 -7.016282098814763835e+00
1.210682317386243101e+00 -1.315251264989124635e+01 -1.659042993894009044e+01
7.809722425032644466e+00 -1.626978378689644700e+01 1.070323851868939791e+01
-1.997017200767418066e+00 8.499325099808759276e+00 -4.654344911933058881e+00
2.710891271401629332e+00 1.881773131661050869e+00 6.787799184873870573e+00
8.591589132744809731e+00 1.416594303597851212e-01 -6.750267932240062940e+00
-1.489398530270967846e+01 -3.744188912042662132e+00 -1.449876283224138618e+01
7.251597716631675183e+00 -2.895529618679571815e+00 4.974322972105174756e+01
1.580123603975796343e+01 4.133951267100137983e+01 1.959974862366183501e+01
-1.461661926626251606e+01 -4.198600480266526880e+00 -4.984495186681583334e+01
-1.457913426066986951e+01 -1.522081788587466811e+01 9.078494583580731359e+00
-1.049093851168985125e+01 1.937443066748649656e+01 -2.705463766083938015e+00
1.539811836928853594e+00 3.452071255286983131e+01 -2.286331338171537908e+01
-2.256521562679122894e+01 -2.652173656301577509e+01 3.755477103296912134e+01
3.783761912252610671e+01 2.109490716361822038e+01 8.988797854339852123e+00
-4.228917668807979169e+01 -4.119331747314320324e+01 5.432126108596273184e+01
5.601750887581281546e+01 2.715342489822214489e+01 -4.292898790102838547e+01
-1.365520731490786588e+01 -1.364310126251802480e+01 -3.723129788230686898e+01
-7.850001226239991858e+00 -1.241770882857815117e+01 2.009315830579938122e+01
1.480941013682189400e+01 2.763159795902977578e+01 -3.045143184372430767e+01
2.840405517259820378e+00 -2.584018443086623407e+01 2.806692610075645522e+00
-9.150637596147413788e+00 -6.400170715728385140e+00 -2.988564435634957661e+00
1.127578756064606003e+00 -1.384557792364653217e+01 -1.093053916852678853e+01
5.758381552404015835e+00 -1.638172652875692137e+01 1.083692211318141041e+01
-9.618447762270468937e-01 7.267071502275230799e+00 -3.743026806905818127e+00
3.383569900756268733e+00 5.223617528896758344e+00 9.463134782374329035e+00
4.685642300582791187e+00 -1.302615506104762622e+00 -4.299869642191554320e+00
-1.343338278907246597e+01 2.038740688391313327e+01 -2.917858638808943184e+01
5.611591072118591761e+00 1.338347037344498958e+01 3.954162455707542279e+01
1.730989160080369871e+01 4.579169042123524491e+01 9.416094426585054578e+00
-1.190893682802446030e+01 -1.497566232068476033e+01 -4.604940383683247518e+01
-1.182822981209217339e+01 -1.905648463115365843e+01 4.314280931709995492e+00
-8.895873318790309625e+00 1.690620710762467027e+01 4.379565152326159172e+00
1.181099626724139373e+00 3.569971327541824735e+01 -1.234329022442207524e+01
-2.871853979577343807e+01 -3.714694802251704431e+01 4.335740507465555282e+01
3.940878882500467739e+01 1.857182986965419857e+01 1.281066756567273401e+01
-4.284531633117558158e+01 -5.253938986395856148e+01 6.550907373028495329e+01
6.411002484261031498e+01 4.651806542284150936e+01 -5.247997190264032952e+01
-1.579895451906073056e+01 -3.636794981717837327e+00 -4.419323733611532390e+01
-8.079865622307847772e+00 -1.847469922500221884e+01 1.938734070689957889e+01
1.211718488272544114e+01 3.470011905538883923e+01 -4.466333258040032206e+01
1.302755433049811451e+00 -5.760574966558732513e+01 1.451745493762106065e+01
-8.943136609034405993e+00 -1.506414951192606644e+01 1.227434418680328099e+00
4.280436398331748937e-01 -8.966567257400644309e+00 6.745285110010449392e-01
3.880206203380910157e+00 -1.442792303757816441e+01 6.916239076391264007e+00
1.538127970301997216e+00 4.299409543423089453e+00 -2.051990702848007331e+00
4.255227017613199436e+00 8.775596622948464542e+00 1.082834980906483224e+01
-6.907019313698441465e-01 -3.139141244187672708e+00 -1.920245926620015586e+00
-1.329956401092167795e+01 2.360922242201474930e+01 -3.421608447856954882e+01
3.744709487711106455e+00 2.462914043790168250e+01 2.600487844518847069e+01
1.860469372859553516e+01 4.695113220283761279e+01 -4.094089282174017796e+00
-9.837588773897014249e+00 -2.470029447528047939e+01 -3.690706580584095775e+01
-9.391973630066122070e+00 -2.174786202282884773e+01 -2.576209215149184439e-01
-6.994592236510657202e+00 1.358876928990583366e+01 9.746616100648743952e+00
5.187447599423256062e-01 3.520719058781371302e+01 -4.707510036122129482e-01
-2.845662857182474070e+01 -4.025988735333357482e+01 4.521726896702237042e+01
3.950472178987276095e+01 1.506730261147593275e+01 1.598514392094988779e+01
-4.121879959282244243e+01 -5.821900677615901287e+01 6.901181988446775506e+01
6.453038910196777067e+01 5.743315333633453434e+01 -5.664989447410129486e+01
-1.735369347789019656e+01 6.772312355193063738e+00 -4.951573459647717357e+01
-7.848950588330559697e+00 -2.370758513527609779e+01 1.844085587744554289e+01
8.257448331254948926e+00 3.679985093457293033e+01 -5.131968937354609039e+01
1.168858390675520553e+00 -6.675178864569321036e+01 1.847160304488762606e+01
-7.822409529990910215e+00 -1.934798803233700681e+01 4.832252535989848496e+00
-3.606771165432360315e-01 -2.525646969302331790e+00 1.439779724063781963e+01
2.493889481884133286e+00 -1.073638934645024179e+01 -2.865976573556673901e-01
4.558606421802156916e+00 3.674872898094588836e-01 1.970064662343601614e-01
5.225365429888298330e+00 1.217684712328672525e+01 1.093985735440977258e+01
-6.022548208975446293e+00 -4.605958648663868615e+00 4.724301269527965141e-01
-1.310190297118166569e+01 -1.468948325834267266e+00 -2.634302139447103741e+01
1.770393655045476189e+00 2.959295276195488356e+01 1.013293898024762996e+01
1.921355618443545410e+01 4.777569204446999862e+01 -1.636905483947904116e+01
-8.405302493487056381e+00 -3.217614409449767976e+01 -2.444232492222451114e+01
-7.454495344416896430e+00 -2.429115757453082480e+01 -4.562697506212477272e+00
-4.812227567167506770e+00 9.386718068875820720e+00 1.347623007979655085e+01
-3.633570732873877551e-01 3.302161708530699968e+01 1.219907416276122980e+01
-2.059249590995640489e+01 -3.522074689998148500e+01 4.292456597240052929e+01
3.816840286315636632e+01 1.077552264402270055e+01 1.841670899285210794e+01
-3.835237003542670209e+01 -5.844506942827919005e+01 6.475685967670742116e+01
5.623494111855957556e+01 5.920889267500949416e+01 -5.533611801539655062e+01
-1.832620590494484603e+01 1.715838866560621767e+01 -5.301389517865572287e+01
-7.207934580668660551e+00 -2.797710841771562329e+01 1.732306370678336194e+01
4.083454834350320972e+00 3.416297627381575808e+01 -5.034307044640073059e+01
9.194397969479021215e-01 -4.556346364475307809e+01 1.124501074766476805e+01
-5.896259397782783296e+00 -1.831323064534550582e+01 7.195044700222231526e+00
-8.008611975917321324e-01 2.115969333917573802e+00 2.602901702903093195e+01
1.659926075215854002e+00 -6.094757627549950207e+00 -8.828807994178696106e+00
7.031672876948544371e+00 -3.509431816184376718e+00 2.579006568228588758e+00
6.117417491896850912e+00 1.500606085658579225e+01 1.007616421520492977e+01
-9.885797163930972076e+00 -5.144730749071672271e+00 2.885304279296907914e+00
-1.156794672115662514e+01 -3.750092406137832768e+01 -1.224456464976085535e+01
-1.404546356464849988e-01 2.824110313015966511e+01 -6.446950190772652078e+00
1.892180376072278136e+01 4.921114802593177728e+01 -2.370456010445559514e+01
-7.074387355656991616e+00 -3.611483383180107865e+01 -1.232832634205284883e+01
-5.939126847473529480e+00 -2.727830021010550610e+01 -8.425690323709270402e+00
-2.326075571015936205e+00 4.154639703089892500e+00 1.540236835378899549e+01
-1.288274180058845975e+00 2.925932897866876559e+01 2.473434415579002987e+01
-6.009799441295634814e+00 -2.349720378757390904e+01 3.713891408139242856e+01
3.554242827425417062e+01 5.975625249521426596e+00 2.005147074856900247e+01
-3.519061043064701977e+01 -5.330632707812697646e+01 5.196263471289946523e+01
4.033786935130211759e+01 5.324773563444178137e+01 -4.921507783860881347e+01
-1.877837982786950377e+01 2.699095548516186227e+01 -5.460087188263851488e+01
-6.227978751630361742e+00 -3.112447926358666095e+01 1.613660416657092256e+01
3.671445873762465006e-01 2.687085310509054992e+01 -4.101634071901745671e+01
-8.909705927383465562e-01 -1.073604545819546097e+01 -1.078841489611226612e+00
-3.487246280464759707e+00 -1.203099581368332238e+01 7.852823481572328568e+00
-7.150930952063297985e-01 3.456795568414727349e+00 3.284764401721351845e+01
9.609008622587525972e-01 -1.745481915540546991e+00 -1.551220151907962830e+01
8.133522862447724933e+00 -6.370773013230922821e+00 4.585053800237916199e+00
6.705242287295177128e+00 1.683829984969962723e+01 8.653838835967926357e+00
-1.133256944061816895e+01 -4.541121482778918583e+00 5.207727519882761058e+00
-9.191981265123011724e+00 -6.558749922552000555e+01 4.692284087186329167e-01
-1.875317519043722791e+00 2.166879499812538867e+01 -2.197096960760104878e+01
1.769671608292593845e+01 5.117015845961653753e+01 -2.401374410522094038e+01
-4.870411088233236541e+00 -3.564249382728746696e+01 -4.397276583268924455e+00
-4.645916092226229921e+00 -3.089262743057049221e+01 -1.163527174069167813e+01
4.892770939723382062e-01 -2.052833821983004015e+00 1.541683419109957498e+01
-2.027601910654658113e+00 2.408195730511058130e+01 3.616409167392290414e+01
1.283502315486217249e+01 -7.923071551273014101e+00 2.909570457540105082e+01
3.177385057001816193e+01 8.826888149059767263e-01 2.089689867815872404e+01
-3.266472866867418645e+01 -4.322421478193591327e+01 2.986272361125767105e+01
1.954714913636080098e+01 4.241539316415678940e+01 -3.958690041037120011e+01
-1.877471326758060144e+01 3.589509753774729717e+01 -5.431987960383576564e+01
-4.964515516243147353e+00 -3.309185685425670442e+01 1.494061180677164735e+01
-2.178918671865935242e+00 1.525853294085155021e+01 -2.266340758174674974e+01
-3.867177581811000131e+00 1.919103150374732891e+01 -1.147030735905188514e+01
-9.954118273583318910e-01 -1.499907755337061221e+00 6.644283943759838884e+00
-9.669426231487762702e-02 1.216485728141056821e+00 3.369318459985222347e+01
-4.515169777758670233e-01 1.196853266257792869e+00 -1.725222391212014017e+01
7.484822731023835551e+00 -7.578700667114217637e+00 5.792957737689846454e+00
6.796394019600247027e+00 1.739954682628968996e+01 7.042853988515184405e+00
-1.001832695403711604e+01 -2.883333443850545130e+00 7.290606502939469991e+00
-7.014209282713534499e+00 -7.920737735844622307e+01 8.877720762224170059e+00
-3.380394270596605466e+00 1.244510960755475004e+01 -3.503840193161644834e+01
1.559161836114570399e+01 5.335341605260055076e+01 -1.650510059053492284e+01
-1.061288958758600520e+00 -3.074488829303049542e+01 -2.469345347065348584e+00
-3.331218250162989225e+00 -3.489038294018636321e+01 -1.395081010125251098e+01
3.577999576722910913e+00 -8.920678334354100514e+00 1.356211083523093386e+01
-2.311976152569934051e+00 1.777085839065662043e+01 4.533331109404415571e+01
3.285351739144086025e+01 8.386861782279842359e+00 2.016290595879828729e+01
2.710221993708531940e+01 -4.244852264712941192e+00 2.103014470449206996e+01
-3.127838111581663227e+01 -3.067629800188216649e+01 1.637646859592348125e+00
-2.814173958349474258e+00 2.988074216998660049e+01 -2.786503642130421099e+01
-1.841629988441107812e+01 4.349757036983938718e+01 -5.234764725966547871e+01
-3.478493731469810779e+00 -3.383985412633769130e+01 1.381311961568152036e+01
-3.237056902717804885e+00 1.686314162573203435e+00 1.508727896161397686e+00
-6.948019094419258579e+00 3.754119693347782771e+01 -1.743017185411025238e+01
1.175622316900583275e+00 1.077310949713139543e+01 4.039242663001226141e+00
9.943825342371267473e-01 -4.420751107033185079e+00 2.832019742875918666e+01
-3.243350057780288953e+00 2.406943858681499737e+00 -1.307485319538925417e+01
5.174360872596503569e+00 -6.895483641482906378e+00 5.958101178386437269e+00
6.291018212017906563e+00 1.660815322809853711e+01 5.473797420071167430e+00
-6.245875170737767768e+00 -5.097111712357113023e-01 8.964339098673979933e+00
-5.608045465629646564e+00 -7.952553565683976444e+01 1.313431621792708270e+01
-4.830757214992337012e+00 4.591680171161066859e+00 -4.521562304668570675e+01
1.274563829669373405e+01 5.514764472116701910e+01 -1.970094307882806817e+00
4.221765504601484587e+00 -2.226400271860738300e+01 -5.331760898452690967e+00
-1.657753650102895548e+00 -3.868884690540594562e+01 -1.522662248245105232e+01
6.788054136511035175e+00 -1.591464682871987968e+01 1.014878867132830820e+01
-1.863946676026168703e+00 1.055272693032293496e+01 5.117351433465456978e+01
5.139428347929425911e+01 2.302183993806136897e+01 1.146519409644976939e+01
2.181498663851887088e+01 -9.175643015556232740e+00 2.057987521100595885e+01
-3.013724960504897155e+01 -2.123362101320257622e+01 -2.135433527720309144e+01
-2.399052334727227631e+01 1.809508690965782662e+01 -1.537101048823928195e+01
-1.784482045350893742e+01 4.954009967223915822e+01 -4.895241836125057944e+01
-1.828777579956233801e+00 -3.335161106877282577e+01 1.284983880953537394e+01
-3.738958253105293394e+00 -8.356777489094385558e+00 2.026705073802622081e+01
-9.453227243171944849e+00 4.493385642639891842e+01 -1.926416823478817264e+01
2.849335939490000413e+00 2.079889408301097831e+01 1.300198801748753130e+00
2.437603275327536512e+00 -1.280119522298588031e+01 1.752279874844617424e+01
-7.258283378633236360e+00 2.487125555659071008e+00 -4.943218160878118717e+00
1.695337078885703619e+00 -4.528833999689140022e+00 5.092354196225459262e+00
5.209418501439026628e+00 1.458400087238579879e+01 3.993118947284178599e+00
-9.440776116705753562e-01 2.087759824631456151e+00 1.010220367102122552e+01
-5.290897487212218309e+00 -6.824775473013755800e+01 1.370201643549133941e+01
-6.711427532594954393e+00 2.130010647106733934e+00 -5.279935041142755381e+01
9.469170614156510624e+00 5.488067952569461738e+01 1.652257129969934368e+01
1.000270731234067156e+01 -1.135288019243844637e+01 -1.010452195218707416e+01
8.298569065775722731e-01 -4.132846555727194726e+01 -1.537075079331584604e+01
9.897815465524768541e+00 -2.249276192897367110e+01 5.624080144874965548e+00
-4.576287021384148890e-01 2.681133079147430820e+00 5.278575615296960422e+01
6.671390876151835414e+01 3.459938825645578220e+01 3.754059690776431868e+00
1.622036823050605037e+01 -1.368594736742054252e+01 1.970478395488749257e+01
-2.732935931518943562e+01 -2.010589640108508291e+01 -2.496715769009801988e+01
-4.220742970663218330e+01 8.462211256366963141e+00 -3.202116670210533922e+00
-1.719585232641063399e+01 5.379135774506356427e+01 -4.447521028935498322e+01
-4.572290802699285200e-02 -3.166313633930235127e+01 1.212689913301220734e+01
-5.535898895598259095e+00 -9.712948254684160787e+00 1.976927130340982330e+01
-1.093071585594045203e+01 4.245504466575456348e+01 -1.744041616663800554e+01
4.226584683454685631e+00 2.450726881205059726e+01 5.968595699265084875e-02
3.981644937790190575e+00 -2.209263845796396808e+01 4.028995978830334224e+00
-1.155625452049408608e+01 2.373487088956057978e+00 3.744290892697528239e+00
-2.137947350862754892e+00 -1.122710958527109115e+00 3.495605136699063031e+00
3.701598944598877061e+00 1.159521468811758638e+01 2.435250605336210405e+00
4.355479930454270843e+00 4.329340865626246426e+00 1.060625847337658278e+01
-6.486468880354777866e+00 -4.542593205927222044e+01 1.044886674827137263e+01
-9.650023818988730184e+00 6.461209695130362363e+00 -5.777525100054707963e+01
6.270702716911354280e+00 4.889798915126980461e+01 3.311029282217764802e+01
1.508195106530801688e+01 1.125749033384860098e+00 -1.412038377132792988e+01
4.500364795479584679e+00 -4.155507012984880078e+01 -1.453953374939953846e+01
1.267708713765715522e+01 -2.820898278134159298e+01 6.320417100336938043e-01
2.062899075453959785e+00 -5.591489024894316984e+00 4.957131523920068616e+01
7.798170625643783183e+01 4.261358782360249364e+01 -2.541828690422108572e+00
1.067630969669694530e+01 -1.756589269005644383e+01 1.858864956277766822e+01
-2.263170227047755390e+01 -2.608235646899052540e+01 -8.699421817049872274e+00
-5.654569751872435290e+01 1.613750183349805356e+00 7.753448076691729973e+00
-1.664137994843974511e+01 5.609105115782998752e+01 -3.931885493145015431e+01
1.841931898612373608e+00 -2.886348276605559349e+01 1.173232056365544906e+01
-8.864616248073895477e+00 -3.698475490588215120e+00 -1.473928776420743991e-01
-1.081627221639262437e+01 2.953634994103957467e+01 -1.180563991121779743e+01
5.738479909024769121e+00 2.047271725917320495e+01 1.131750476341564227e+00
5.207025513514381920e+00 -2.848619821844959077e+01 -6.834143463402604368e+00
-1.500257691281839634e+01 2.757369547767571483e+00 1.004435455163773128e+01
-5.305341979734568447e+00 2.234581136277653979e+00 1.793110438827651087e+00
1.996094631587351786e+00 7.970052615983876265e+00 5.447723575429392895e-01
7.909528283142502225e+00 5.703473270509678450e+00 1.043152647947945511e+01
-9.818537364582171634e+00 -1.028090342388558120e+01 3.035762505692802371e+00
-1.394819536469461063e+01 1.531185933677389599e+01 -5.931958556093707102e+01
3.649138198421321810e+00 3.321495699125245693e+01 4.205056804376796720e+01
1.858590557166883528e+01 1.462433303556371378e+01 -1.575979869087847796e+01
9.378877416666822953e+00 -3.830198210535038328e+01 -1.295416976274951359e+01
1.494090233305585791e+01 -3.271603679628744743e+01 -4.181000516551173440e+00
5.743315689379923761e+00 -1.415099338346810143e+01 4.150698269361480186e+01
8.505479513747764031e+01 4.714943714368916261e+01 -7.211310614673351438e+00
5.571871978691439686e+00 -2.061033778127167082e+01 1.743019557054161695e+01
-1.812702345613282162e+01 -3.366349281360584200e+01 1.411613853011374431e+01
-6.665431174114333146e+01 -2.299897374076159906e+00 1.682962082164190676e+01
-1.643732851626866065e+01 5.629724062628855563e+01 -3.389930410483826506e+01
3.843681713258511934e+00 -2.509222747671856624e+01 1.167675652243389273e+01
-1.181180855501561844e+01 4.009274580329455162e+00 -2.591778696593294740e+01
-8.370945685191342633e+00 4.832161227729096176e+00 -1.973905538403029514e+00
7.604979658887290661e+00 1.106358834847980965e+01 3.799627256177989576e+00
5.720196912086126240e+00 -2.769581731187768980e+01 -9.892456737858033478e+00
-1.679880013326259558e+01 3.928408664307028175e+00 1.236949925272262263e+01
-6.993075570724918144e+00 4.429136051341989955e+00 6.861566772988999530e-01
3.403153743955236177e-01 3.981882102103833088e+00 -1.968402140504972975e+00
8.526047588848344461e+00 5.969411544504012568e+00 9.576412759320605872e+00
-1.535296702725741902e+01 3.399619165606875981e+01 -7.448510502962147228e+00
-1.933190592022895871e+01 2.478915520031577202e+01 -5.645515411288377550e+01
1.809638419845344792e+00 7.105101320095165818e+00 4.216391242672205664e+01
2.003796661255024247e+01 2.858452654288546313e+01 -1.422930859729731345e+01
1.490179275191476549e+01 -3.102751463395423315e+01 -1.092469781148179209e+01
1.655073456194430292e+01 -3.571721837340813721e+01 -8.267300136843626746e+00
1.048430502583729229e+01 -2.293585720197211941e+01 2.913733165573144746e+01
8.812257838297678347e+01 4.852551666758759552e+01 -1.019177707481901152e+01
1.157285957991371461e+00 -2.269873913537152887e+01 1.638922447853270015e+01
-1.561769932071688771e+01 -3.937852191529771062e+01 3.221421608176658680e+01
-7.250812939917834399e+01 -3.356165564314964378e+00 2.363730623421463761e+01
-1.673437207581867625e+01 5.435089951023854127e+01 -2.857559612065528043e+01
5.973491956520219581e+00 -2.051796346692978190e+01 1.192731706233169575e+01
-1.277654080676125403e+01 9.773835448925408897e+00 -4.615431702843661554e+01
-3.430537921429881010e+00 -2.912978271562823096e+01 1.094635209913885099e+01
9.630051026315392448e+00 3.857003232755769617e-01 6.528860815596671863e+00
5.429763121957303262e+00 -1.833617036358250374e+01 -4.493571223715315810e+00
-1.656319873244774143e+01 5.922368817071603786e+00 1.019842123306568382e+01
-6.833597985481228321e+00 4.686115443388507273e+00 7.007885296290276012e-01
-1.122186825393960863e+00 -2.471252148147028149e-01 -5.179386384402572041e+00
6.173527011039785073e+00 5.225648841243099696e+00 8.075884819303370321e+00
-2.065092608190832024e+01 7.184582670854554465e+01 -1.559499795261509902e+01
-2.506968263706378153e+01 3.165346596441360916e+01 -4.900417947270290142e+01
6.749435485499181153e-01 -2.437081276673211150e+01 3.721014994045943070e+01
1.929071403641409432e+01 4.169817151923552956e+01 -9.322106209088829587e+00
2.015703495621408692e+01 -2.028970823072997831e+01 -8.710414382987167414e+00
1.737927639240272981e+01 -3.683185151541260893e+01 -1.110616052860007130e+01
1.594487223467195136e+01 -3.174765458575485866e+01 1.374501669719772323e+01
8.726818564233138886e+01 4.691261434665905483e+01 -1.134453675188453126e+01
-2.314817381047361788e+00 -2.371752824912552882e+01 1.560423668845301393e+01
-1.549307065971971653e+01 -4.258536052699286500e+01 4.173921161788966572e+01
-7.404872150669908137e+01 -1.579792996922579684e+00 2.764411430568221917e+01
-1.762794910436394602e+01 5.028624824849530484e+01 -2.375262619590137447e+01
8.207635524639202984e+00 -1.542727772165078903e+01 1.237972696374842307e+01
-1.149623771928390603e+01 1.288399165652135459e+01 -5.684763852135107243e+01
1.655111639648926491e+00 -5.785949532221733449e+01 2.157219678735754087e+01
1.137199919358267763e+01 -7.973416791772885759e+00 7.995709051433641967e+00
4.594596106397292878e+00 -3.717962096418589546e+00 4.820217632894098436e+00
-1.430379835074748129e+01 8.573167394682686293e+00 3.825984512174565477e+00
-5.121553866521031395e+00 3.038795837264280042e+00 1.849193869896083697e+00
-2.375409305718124919e+00 -4.619441439894401924e+00 -8.757872147968448928e+00
1.957797338220482075e+00 3.828020567807179919e+00 6.054771724269952138e+00
-2.109834960363073364e+01 8.155062718323452486e+01 -1.408464785254839136e+01
-3.037945128871247391e+01 3.430154426734721795e+01 -3.782566722694013350e+01
9.088136498751835102e-02 -5.383843486132144562e+01 3.162796724323241548e+01
1.668866814093677320e+01 5.248141741913197222e+01 -1.687422905739478507e+00
2.432882875410968282e+01 -7.470252541415253411e+00 -6.532878379069763319e+00
1.737897400790283697e+01 -3.574701688359565566e+01 -1.245373527364190025e+01
2.164472637775545749e+01 -4.030443274054333358e+01 -3.028632160603162760e+00
8.249060896720851588e+01 4.234866935615682593e+01 -1.057545557232079325e+01
-4.762593819608562207e+00 -2.363015217269363433e+01 1.515484233128423952e+01
-1.722095498318804374e+01 -4.366024967331723872e+01 4.283354942375424201e+01
-7.127054316205257578e+01 3.000990659848217224e+00 2.848033551661637119e+01
-1.909390678820319209e+01 4.418879880598552035e+01 -1.969859396630144488e+01
1.055775599959370936e+01 -1.015491699719281016e+01 1.282497924617944562e+01
-8.507604505997992561e+00 1.375435741369050291e+01 -5.801290624431806009e+01
2.289286642683827644e+00 -6.064827965496988327e+01 2.276810495382546762e+01
1.246161505796264635e+01 -1.212106370507504849e+01 7.610339572375594663e+00
3.581474033917762867e+00 1.099940931356521467e+01 1.272726161985120363e+01
-1.054852082122049772e+01 1.151151228690400430e+01 -5.422093228054128744e+00
-2.612698130624536041e+00 3.048652386139231174e-01 3.639327896587531086e+00
-3.561464480775808461e+00 -9.076241522601133482e+00 -1.206349562540322040e+01
-2.456732948865880228e+00 2.208848808247524165e+00 3.718820631233972218e+00
-1.520325112516322541e+01 5.992967771374322439e+01 -2.494528639709397755e+00
-3.464078765904508117e+01 3.224889424770729107e+01 -2.431287589655257264e+01
-1.107557344706969465e-03 -7.517256729646696556e+01 2.756275864535212605e+01
1.316979244178318353e+01 5.952924355748265839e+01 6.749734312534369174e+00
2.692265334865460957e+01 5.612447235290837888e+00 -4.654204984988009386e+00
1.657486484503578339e+01 -3.242675443890134801e+01 -1.231059000885714916e+01
2.706727258964864191e+01 -4.821335506886448030e+01 -1.949402907339132440e+01
7.368229196972846751e+01 3.473170341285808149e+01 -7.809863537799262012e+00
-6.222259534206891374e+00 -2.247709011112822353e+01 1.505679148909533183e+01
-1.988126266395459396e+01 -4.267898351144607716e+01 3.587576746036392450e+01
-6.413966563852925162e+01 1.038609765520137884e+01 2.589422706301577648e+01
-2.101381238403313034e+01 3.627030689760892557e+01 -1.656399560454158149e+01
1.304622390526799158e+01 -5.102265292892547599e+00 1.298676088273016482e+01
-4.667358117822580255e+00 1.258012369384629459e+01 -4.994225089813048868e+01
-3.033337500585814972e+00 -3.475539494196932111e+01 1.415058546084863877e+01
1.270656310437811953e+01 -1.143019813032879206e+01 5.361477586952003271e+00
2.660342069592027237e+00 2.198563940622135959e+01 1.637774809739557824e+01
-6.445491630243755488e+00 1.405482918339421339e+01 -1.481268774763642426e+01
-1.324847288865540484e-01 -2.351223289012938977e+00 5.351067259404698184e+00
-4.879157708120344772e+00 -1.345510704020204962e+01 -1.432363714558361245e+01
-5.570030397796011279e+00 7.339749320369176599e-01 1.351747651140355666e+00
-6.782553110256115403e+00 2.648977392846627765e+01 1.213172542679481580e+01
-3.744873842580459922e+01 2.570632177731742019e+01 -9.996830380648630054e+00
3.748963029676271042e-01 -8.487842078070853802e+01 2.533900643163535094e+01
1.007075093974605728e+01 6.211632557059075310e+01 1.279047065272300188e+01
2.775487596926075895e+01 1.720622470766775791e+01 -3.411625253238519395e+00
1.508904464992903982e+01 -2.727789228748603989e+01 -1.098464702086258349e+01
3.167384786552798204e+01 -5.484274153626291337e+01 -3.405921451495435548e+01
6.073112589301122455e+01 2.390239071667986082e+01 -3.020147607282629210e+00
-6.858563086956727339e+00 -2.037124295011687991e+01 1.526717876590535816e+01
-2.222120523238916689e+01 -3.945617899815657381e+01 2.149069764261768611e+01
-5.266412762054000751e+01 2.054167871247238608e+01 1.978507830491404462e+01
-2.309700205234070580e+01 2.686545287366892509e+01 -1.439035383865417472e+01
1.567958497671856577e+01 -7.653339834081980264e-01 1.253072236731471634e+01
-1.107857357563726497e+00 9.359308989148242830e+00 -3.319401301071475530e+01
-1.055195496048203196e+01 5.997838059137112765e-01 2.684132021893431030e+00
1.209522821056848585e+01 -6.126435664923078228e+00 1.623677881518849286e+00
2.014602934623953789e+00 2.735888152895156011e+01 1.513793844482942319e+01
-3.521258014684122362e+00 1.528093548191814932e+01 -2.046133811540467562e+01
1.690807240495146191e+00 -3.853510988237395019e+00 6.331544849933008479e+00
-6.494921416492968724e+00 -1.747809327532470292e+01 -1.486642325199980341e+01
-6.426583705338667407e+00 -3.772299998138618493e-01 -7.275797963195679285e-01
2.006196645526922007e-01 -1.209101617235820880e+00 2.375023439379829426e+01
-3.871737895815861918e+01 1.601452502194539917e+01 3.474286436545806378e+00
1.067207394205530457e+00 -8.143532975215758540e+01 2.488197656938888258e+01
8.340167686388484825e+00 6.017294307935340925e+01 1.367431208619327876e+01
2.683183127474550034e+01 2.589812011522420931e+01 -3.110328151723336099e+00
1.308867275994516177e+01 -2.080498920587157485e+01 -8.902370435162525908e+00
3.499192365525051684e+01 -5.947275576125946372e+01 -4.541696724821656517e+01
4.398394813007745796e+01 1.002520116166802389e+01 3.574506146382968375e+00
-6.877423578999087184e+00 -1.750840880371595887e+01 1.570679839588738602e+01
-2.305739324031940285e+01 -3.456811339841583930e+01 3.487038761690322897e+00
-3.731588490641033218e+01 3.302813436064587194e+01 1.060538570870238217e+01
-2.500762266529157429e+01 1.652341441883433859e+01 -1.315006155670975652e+01
1.842808102169122719e+01 2.354215116829529553e+00 1.116247163740960069e+01
1.109977606527683625e+00 4.907790555706313285e+00 -1.172588511000478029e+01
-1.635176674683612674e+01 2.825232930294589551e+01 -5.882859614062024178e+00
1.084102386998584500e+01 2.375117593612345424e+00 -2.791898300190673421e+00
1.817058105397626910e+00 2.627328797133095151e+01 9.313573037083997974e+00
-2.787698120196077767e+00 1.451442634933585651e+01 -1.927055981304081911e+01
2.552683701057491206e+00 -3.553628571853085560e+00 6.220193833035072117e+00
-8.437464346060014719e+00 -2.076870543752751530e+01 -1.339999123953327675e+01
-4.700562307553994401e+00 -1.018468941930582794e+00 -2.199859094938933612e+00
4.647520508808017148e+00 -1.864475552445589912e+01 3.089879488854674250e+01
-3.871765762622714391e+01 5.793137982568214106e+00 1.470930663749841827e+01
1.761057681838968714e+00 -6.515022989388617702e+01 2.620551115377841356e+01
7.701839936221717586e+00 5.412374234481089985e+01 9.425007061491713856e+00
2.430212760985832787e+01 3.112157162910141395e+01 -3.892595667125555714e+00
1.070585918435513939e+01 -1.336358295992456213e+01 -6.413902529488242799e+00
3.679610255259582630e+01 -6.150948968381089088e+01 -5.299962500190389392e+01
2.417593840767739266e+01 -6.462640981763191128e+00 1.153144476164402477e+01
-6.562349602504455426e+00 -1.410030662635658949e+01 1.627474645015939814e+01
-2.271308639052528733e+01 -3.044703363152782671e+01 -9.413798676029003332e+00
-1.899222851783713040e+01 4.711225808006111748e+01 -7.216945638765478455e-01
-2.631582813426887313e+01 5.726528013438792364e+00 -1.272388558584651186e+01
2.123087939373687760e+01 3.914006861361132295e+00 8.685657986107672812e+00
2.457857107712542177e+00 1.906497511358203223e+00 5.392419229131273362e+00
-1.936183487078897869e+01 4.391157506812653821e+01 -1.032114665044588264e+01
9.322465513023997730e+00 1.133957053115687152e+01 -6.770275113738881245e+00
2.253521078365083863e+00 1.849940344573271389e+01 -5.785552281996383384e-01
-3.877507273491666684e+00 1.186009165180837499e+01 -1.134875827666735226e+01
2.463079465898933673e+00 -1.315859947200086255e+00 4.997154069086525041e+00
-1.060421530281455738e+01 -2.307233459207883186e+01 -1.008532468681934269e+01
-6.735371641700225176e-01 -1.242149278520230382e+00 -2.850480257303321885e+00
6.828222656312537886e+00 -2.696112970107827778e+01 3.401095869205766320e+01
-3.779507658794505431e+01 -1.269272575249869250e+00 2.245928144281686656e+01
2.152570902441905076e+00 -3.832622266984770221e+01 2.883582940708496523e+01
6.999821709626457000e+00 4.452835999786366727e+01 2.786572775527847767e+00
2.047743089990683529e+01 3.308747761520530872e+01 -5.464124673539289212e+00
8.072126950753716557e+00 -5.195628582422327391e+00 -3.856564478775532212e+00
3.702357988984687154e+01 -6.061919856683113039e+01 -5.673159876597244278e+01
2.752942875853447990e+00 -2.452123541848096266e+01 2.002974175415314662e+01
-6.294929051549860155e+00 -1.043351747389247919e+01 1.683512066207526203e+01
-2.356294336367226805e+01 -3.033559012054756465e+01 -8.411298007335918925e+00
7.442785356430834387e-01 6.150327597879348218e+01 -1.255252251102466587e+01
-2.651742965908004379e+01 -5.004705380832878525e+00 -1.293534484535420148e+01
2.401332076692108330e+01 3.781575494445147179e+00 5.041068599222000124e+00
5.396018197590787047e+00 3.780382557947529865e+00 8.707491332821531316e+00
-1.989179750276656122e+01 4.881508362215005548e+01 -1.120147093714484932e+01
7.892323198009361995e+00 1.701499556411370762e+01 -9.066380230439909482e+00
3.417599422299154810e+00 5.006442609430304280e+00 -1.335598777278018368e+01
-5.447331068490314898e+00 8.129153109968875413e+00 1.908212209345833410e-01
1.654633753556938425e+00 2.517811060379608445e+00 2.951900018567511719e+00
-1.266797884219174364e+01 -2.426289826073884370e+01 -5.664556978284203126e+00
4.752616316933653273e+00 -1.235158860375640044e+00 -2.608937890431745732e+00
7.019316616207809112e+00 -2.697086766779640499e+01 3.334378346060108100e+01
-3.603776017315378510e+01 -2.191347267722330905e+00 2.601960990653032724e+01
2.297525730939742328e+00 -6.822378927624404454e+00 3.055380144806463250e+01
5.194314692124752497e+00 3.234021910996131766e+01 -2.784228406287499347e+00
1.579811970067671112e+01 3.276101619419117128e+01 -7.196576781688357016e+00
5.328919669975262785e+00 3.457523662857607594e+00 -1.461449190236914886e+00
3.575227837389380170e+01 -5.664426063583073301e+01 -5.686922758882188589e+01
-1.775846774109041348e+01 -4.207810874968961201e+01 2.771800996252671467e+01
-6.341798649033309587e+00 -6.747087558794127915e+00 1.728621904483754790e+01
-2.724231526879664145e+01 -3.455170637119810095e+01 5.835264293778830158e+00
1.926665015933042824e+01 7.397552667040140761e+01 -2.264988803004759887e+01
-2.522899302146635137e+01 -1.519415705955663221e+01 -1.364234826582221061e+01
2.665643166330547231e+01 2.004665749882364789e+00 3.414905235696185093e-01
1.160303518135992284e+01 1.093606035374836694e+01 -1.880829217692756794e+00
-1.826636460532676054e+01 4.382161508649752335e+01 -8.924461105156686003e+00
6.573727560451417595e+00 1.637478117183191983e+01 -8.863020132243086380e+00
5.000936839889110530e+00 -1.026075631544171429e+01 -2.596328575368354663e+01
-6.212485992841714655e+00 4.327642769140571666e+00 1.136667722638455658e+01
5.273905849961354475e-01 7.112633658696428718e+00 6.759348953809405369e-01
-1.405777713581278121e+01 -2.435377843990479718e+01 -1.335124804397205489e+00
1.012731700019275216e+01 -1.297234247828231490e+00 -1.570353857239638051e+00
5.204607623336803712e+00 -1.748408286006572609e+01 2.869753178087104928e+01
-3.318419085066528140e+01 3.031006175382716883e+00 2.565729398457982668e+01
2.999855828607441488e+00 1.967123943436600442e+01 2.698520187891291400e+01
1.926399154737450603e+00 1.906636489645997301e+01 -4.789387457942238413e+00
1.079860940413415626e+01 3.158883275983838956e+01 -8.205238979249854125e+00
2.667516290079689600e+00 1.214682212117967985e+01 5.346620428523914947e-01
3.320982475550524526e+01 -4.975170597362129854e+01 -5.397948833685987324e+01
-3.391662777212823698e+01 -5.601335612868095382e+01 3.280466272865223232e+01
-6.913445280776564950e+00 -3.325521563349314036e+00 1.752111606764088236e+01
-3.198959420285179078e+01 -3.956865061643646442e+01 2.386148224421979336e+01
3.300768842516681900e+01 8.138373465572483667e+01 -2.860610019467588572e+01
-2.216880852057629170e+01 -2.423002372940339555e+01 -1.465668699123072116e+01
2.896776510058543508e+01 -1.140893160632453718e+00 -5.069613696011920467e+00
1.936924032648244776e+01 1.985917910888984039e+01 -1.743296920718965382e+01
-1.457429492285001160e+01 2.799569854244042943e+01 -3.338635564072134798e+00
4.999822167614994761e+00 9.342284148893469364e+00 -6.342749677931013075e+00
5.962807704190658420e+00 -1.982986204225901972e+01 -3.316958627223121425e+01
-5.571988189205124620e+00 1.229980377587272189e+00 1.915666046559280034e+01
-4.390373915920382508e-01 1.122585142858722129e+01 -1.022556468876198332e+00
-1.398520367001683695e+01 -2.344325364950668700e+01 1.435159526069727187e+00
1.362905164857788698e+01 -1.753643925394527736e+00 -4.075905894247104644e-02
1.570388246065116178e+00 2.953300473839566287e+00 1.995353255942907467e+01
-2.896001812828032840e+01 1.122171765460044490e+01 2.247970010439985344e+01
5.375952910835127163e+00 3.328068708077826443e+01 1.459710657235764231e+01
-2.576046757594339986e+00 6.074477707090443879e+00 -1.997307727051629289e+00
5.842831021205570963e+00 3.092058198821944259e+01 -7.933017036765580343e+00
2.705594206456440887e-01 2.034143851082152210e+01 1.973992103377508522e+00
2.970244085316916482e+01 -4.032984133928534476e+01 -4.875809540922507779e+01
-4.273211306098809104e+01 -6.326940304783654767e+01 3.368681436638780724e+01
-8.050946991723940016e+00 -3.795186354405047924e-01 1.746950792717086998e+01
-3.459763324053482592e+01 -4.166418468726909907e+01 3.764833591216549280e+01
3.874326307134946745e+01 8.067457304000269858e+01 -2.880586725352103628e+01
-1.731350242747889467e+01 -3.159928103367587582e+01 -1.577510290403777837e+01
3.075138896686742029e+01 -5.241834119827581517e+00 -1.074133066492496980e+01
2.564717655495987003e+01 2.686261401683463035e+01 -2.989784883192958276e+01
-9.121073878630401310e+00 3.283124884821146949e-01 5.692956219021235498e+00
2.774715745667328815e+00 -1.004294816725783690e+00 -2.583030060809520911e+00
5.016637117452194872e+00 -1.760934474978031972e+01 -3.083102044263734598e+01
-3.571626971615357249e+00 -7.402811311366518376e-01 2.200680987867858818e+01
-8.539634732376879533e-01 1.357802456067629571e+01 -1.394386237268437689e+00
-1.176761298516847809e+01 -2.162031386913074371e+01 1.636655512761325371e+00
1.384918163539231628e+01 -2.777428905415390226e+00 1.571596598243121035e+00
-2.523170973867912004e+00 3.038483847609684219e+01 8.492466307858240526e+00
-2.339383453565158533e+01 1.838609938071193284e+01 1.779961100622097803e+01
9.628714605408021043e+00 3.468743195043057881e+01 -5.257054139655540581e+00
-7.899542479716616050e+00 -5.899074538185710814e+00 5.868175585582895870e+00
8.411886174833750340e-01 3.123520298087501601e+01 -6.587522222754389922e+00
-1.778351703589725386e+00 2.773558265234600029e+01 2.873124705969836601e+00
2.552149962769640368e+01 -2.879279831401780854e+01 -4.195457697364302874e+01
-4.311614137585250006e+01 -6.224093644426439909e+01 2.958876681181910584e+01
-9.644758771225884431e+00 2.048256550729718128e+00 1.711648173138571849e+01
-3.311838961184537311e+01 -3.920138151779555358e+01 4.488215934931129425e+01
3.507157291834395352e+01 7.009767195119025018e+01 -2.290464637829686723e+01
-1.081230801489010318e+01 -3.710018514897472386e+01 -1.682257585570517833e+01
3.186355560001001308e+01 -9.854583968612582012e+00 -1.627021779759040854e+01
2.875818299662022426e+01 3.046744280653826564e+01 -3.647116728393996254e+01
-3.341424616400561654e+00 -3.487116907331667903e+01 1.671357750879856852e+01
-1.626959049798082368e-01 -1.080040829545312775e+01 1.190835221799133370e+00
1.895399407301337602e+00 -5.152529897525780278e+00 -1.999177886246851088e+01
-5.688362346265993796e-01 -1.463779329618445146e+00 1.954978521770692979e+01
-6.082956331303136510e-01 1.344463386411162809e+01 -1.120791113408179107e-01
-7.208497845913560020e+00 -1.884513446723024188e+01 -6.710220366238517364e-01
1.059613274300564889e+01 -4.265179618035174869e+00 2.967656029744301094e+00
-4.321858331530847863e+00 4.861400741629360311e+01 -7.830750598901690118e-01
-1.684630058782033402e+01 2.176673437308688364e+01 1.259982019009424015e+01
1.468147777693569367e+01 3.069867682651740282e+01 -2.733984197785240156e+01
-1.352928610840134915e+01 -1.659480206306207606e+01 1.829217756922352933e+01
-4.480531929751292886e+00 3.200311612619407242e+01 -5.048329384684141274e+00
-3.462775666583203460e+00 3.413058200021542632e+01 3.442549108094266952e+00
2.089399578695975279e+01 -1.557030440427871909e+01 -3.418260517823431144e+01
-3.620255261066618147e+01 -5.338828157834901589e+01 2.085874842666631324e+01
-1.151324951550143005e+01 3.983828035297264147e+00 1.645782899953984924e+01
-2.684037511914444352e+01 -3.177439723376110337e+01 4.592817492627136033e+01
2.283358839246509220e+01 4.998464401919395073e+01 -1.192187295551204862e+01
-2.927907290777944205e+00 -4.068416126640141073e+01 -1.762150179249759319e+01
3.220024947533622850e+01 -1.457354666944046961e+01 -2.133605939519386041e+01
2.826417684623386961e+01 3.045430983267035074e+01 -3.685425998558705629e+01
-1.388478474215621566e-02 -6.116151271626316799e+01 2.469472941466087690e+01
-3.517878423214727768e+00 -1.726190140193828881e+01 4.109674535044984367e+00
-2.359246557743439610e+00 1.037872895997652911e+01 -5.727141083189557058e+00
2.952915081829897481e+00 -9.834231713037414613e-01 1.219709384074232261e+01
1.022249341090032126e-01 1.088855634172592524e+01 2.601035575501202679e+00
-7.886092891489991930e-01 -1.501995157043578999e+01 -4.404985609283849968e+00
4.875830292799951948e+00 -5.890901855937616283e+00 4.037839836086035916e+00
-2.522819970683721991e+00 3.797574954789890000e+01 -2.057389748448061884e+00
-9.940588049490058253e+00 2.008340018011459449e+01 7.618213427588501396e+00
1.908519099967685761e+01 2.747039263176120727e+01 -4.633706161867012696e+01
-1.883138130868216109e+01 -2.563777417574554462e+01 3.334262847039364885e+01
-1.020147590942539217e+01 3.199197058927448012e+01 -4.433382478377745350e+00
-4.787282624658668162e+00 3.923592331425591340e+01 3.983943059989379254e+00
1.605332984694346266e+01 -1.222223918709618884e+00 -2.605568022699210218e+01
-2.470481838456320034e+01 -3.895773431764041561e+01 8.875567310256302633e+00
-1.330873515493020243e+01 5.565205289834969982e+00 1.554637689667540101e+01
-1.573153819126492614e+01 -1.929637040529445002e+01 4.119916831676074054e+01
4.688672074689565150e+00 2.273620042453281087e+01 2.078630184377816992e+00
5.799747751989410283e+00 -4.249893547945866601e+01 -1.808234288526428912e+01
3.167644837222706045e+01 -1.897029911957624648e+01 -2.561491272173205047e+01
2.418580088566018560e+01 2.672949843087379307e+01 -3.091444536160396339e+01
-4.120350486623567954e-01 -5.852754094670498120e+01 2.361388744406408691e+01
-6.784177685804561264e+00 -1.896795000704962320e+01 5.691023329865054770e+00
-6.342122378321430887e+00 2.257221908897306761e+01 6.976045987183872477e+00
6.393121006505385395e+00 3.616613484448493177e-01 1.625976003718037521e+00
8.567299949563189632e-01 6.801093430475058099e+00 6.012996416243525211e+00
6.357573633355190879e+00 -1.019829435015788732e+01 -7.921684140038209421e+00
-1.529642231159895394e+00 -7.246191556102211884e+00 4.852441148188601616e+00
3.696158395243935302e-01 1.557965579316561433e+00 3.840723088445831657e+00
-3.452445974902537351e+00 1.334782932039090930e+01 3.488558984940766550e+00
2.173006521273316949e+01 2.743718014127881588e+01 -5.868450577604563279e+01
-2.308510114708216676e+01 -3.228588950899226262e+01 4.705368086623474255e+01
-1.601847262194596766e+01 3.008328286547979502e+01 -5.503215281535289272e+00
-5.775773997344933797e+00 4.231880443996148244e+01 4.527818936426752927e+00
1.122105715198695286e+01 1.345456867721008365e+01 -1.810775978475727044e+01
-1.197271505524900093e+01 -2.229281699689328633e+01 -4.309925409089964354e+00
-1.466872426596960821e+01 6.919488227488155729e+00 1.444906623613932695e+01
-5.954460706172036710e-01 -2.105406035387970665e+00 3.092461378155135421e+01
-1.560842975351819817e+01 -7.625846561023061021e+00 1.660719034098515223e+01
1.463584617716945324e+01 -4.277137917057618921e+01 -1.817033203144694653e+01
3.031624699912694609e+01 -2.270982182374800473e+01 -2.890857363118673007e+01
1.696953116518858806e+01 1.923880351144418555e+01 -1.871711435654799871e+01
-1.925331915326062848e+00 -2.904393160573305366e+01 1.405386866792396461e+01
-9.392015133821008277e+00 -1.559271761773943155e+01 5.745695633267318136e+00
-9.083128774269290773e+00 2.862400728617740597e+01 1.535847398262018260e+01
9.126400589114796347e+00 1.753954610645398704e+00 -8.646719163272402753e+00
1.238568097384240119e+00 2.500919032140474396e+00 9.187789385879392867e+00
1.277910455299172021e+01 -4.763746438172860032e+00 -9.740199620143165760e+00
-6.808851075174279899e+00 -8.045249119088698109e+00 5.550865149610621607e+00
1.767331863756361310e+00 -3.845408980954765354e+01 1.021771454998044248e+01
2.070883212072708979e+00 2.329612876753902828e+00 5.142433812694050532e-01
2.203743964978541925e+01 3.078924987789718770e+01 -6.251170694114917836e+01
-2.592131122763366236e+01 -3.575488125223601799e+01 5.489483349193275785e+01
-2.144124888322338052e+01 2.571390510624611636e+01 -8.460060176042231816e+00
-6.469459455780390833e+00 4.256893452663003075e+01 4.883632998718764995e+00
6.489820012106536140e+00 2.790008574939576036e+01 -1.052306834708046601e+01
-5.181862379836992272e-01 -6.230550798611806940e+00 -1.701438605182764618e+01
-1.524912226088624401e+01 8.261055600465439852e+00 1.323456913076815411e+01
1.671720968026199472e+01 1.849093312227099517e+01 1.688797272937032545e+01
-3.499737962028584093e+01 -3.757880526451356928e+01 2.992278310204430980e+01
2.295962462366372492e+01 -4.192095418889803682e+01 -1.799449722349138270e+01
2.817089775003543295e+01 -2.561458899244393095e+01 -3.118469884028501227e+01
7.994187642361628932e+00 8.863688935607557440e+00 -2.319426669482989478e+00
-1.812080026454286674e+00 6.268897896484540766e+00 2.362071184718912420e+00
-1.095299032827768215e+01 -7.642786022124922418e+00 4.356625434089161253e+00
-1.018783421810471701e+01 2.820977372432759012e+01 1.854365356337199344e+01
1.086709771462761864e+01 2.103456544729835009e+00 -1.444567360063268247e+01
1.005600406272381564e+00 -8.640299125302119965e-01 1.142295394636860628e+01
1.733795406821535678e+01 7.920991620242375797e-01 -9.054835071651829992e+00
-9.868435550350829644e+00 -8.231009253570165995e+00 6.267299409010595568e+00
1.582183613204088513e+00 -6.621743135898385901e+01 1.256855719026998486e+01
6.346073535786702635e+00 -1.108286506389261028e+01 -1.375609938557420087e+00
1.971758134125160566e+01 3.737436844033282313e+01 -5.685451984391139035e+01
-2.734734111344975460e+01 -3.555589327816117873e+01 5.393183135385513793e+01
-2.585304822323816154e+01 1.897299330617921598e+01 -1.296162976623511653e+01
-6.922392304508699468e+00 3.939925363377471257e+01 4.775060361755140370e+00
1.935974663900736470e+00 4.149814002218066378e+01 -3.306533002577587421e+00
8.140603403031500207e+00 7.192044571654664153e+00 -2.798815434562348869e+01
-1.470978096612569885e+01 9.809232222736437024e+00 1.196448545356563109e+01
3.252383409322589358e+01 3.824156923973642819e+01 5.658874521329346763e+00
-5.119535598211940197e+01 -6.424241114830671506e+01 4.092766972543307702e+01
3.011285962703405517e+01 -4.041331487693626201e+01 -1.773052859912184331e+01
2.533376035701759577e+01 -2.757964593030498079e+01 -3.250910144606247343e+01
2.781249622508158992e-01 -7.153017998023345481e-01 1.116001698676340759e+01
7.386482548372284851e-02 3.242500298044510743e+01 -6.800754285506551255e+00
-1.135626334137254645e+01 3.251825124528276767e+00 1.917698781891503224e+00
-9.485593057054634514e+00 2.151963050306041225e+01 1.610778514499874348e+01
1.172777293794136888e+01 6.503092912919494761e-01 -1.311095671885493807e+01
1.163006361236410546e-01 -2.517042648003408711e+00 1.232505466034615971e+01
1.929673089505118355e+01 5.890511720641675275e+00 -5.741576089139361017e+00
-1.031589108925558129e+01 -7.900973766349444816e+00 7.042326297917331779e+00
7.662944988784470279e-01 -7.834524713206828039e+01 1.048210532682826468e+01
9.598148868665873579e+00 -2.352507770935622489e+01 -2.822475895148504055e+00
1.477412838770297832e+01 4.707896732535522943e+01 -4.170542044648198754e+01
-2.761794915277969409e+01 -3.215773540047280932e+01 4.492168871128752272e+01
-2.866373230871239741e+01 1.038776966361255383e+01 -1.832542444853140040e+01
-7.228693573041723219e+00 3.274862910208965872e+01 4.089372083975683303e+00
-2.377103844739094640e+00 5.354352459477263437e+01 3.706476228708919685e+00
1.337217305136466727e+01 1.677985781953202959e+01 -3.650377144795786677e+01
-1.288832464853158655e+01 1.168235241441426986e+01 1.066683023908068684e+01
4.325494653369761267e+01 5.085734584485248178e+01 6.833522092900863321e+00
-6.276378296101114529e+01 -8.556867447152558270e+01 4.896799887083528091e+01
3.560388229120502501e+01 -3.860949291188297394e+01 -1.751278092783794449e+01
2.193910776788484540e+01 -2.853116338649449801e+01 -3.300357599596826930e+01
-3.304149501225488006e+00 -3.809618988711716447e+00 1.163562630134057407e+01
2.728057224423019012e+00 4.632425000244719371e+01 -1.236923837197761600e+01
-1.097874400109604132e+01 1.396215248455242808e+01 -7.648335667064140031e-01
-6.961597937196816410e+00 8.915159520775658208e+00 7.821105126265880614e+00
1.204614705586032741e+01 -2.396839473098792528e+00 -5.524307489769018531e+00
-1.288715305682219592e+00 -2.130518178737927038e+00 1.181558658253193173e+01
1.839459697806971761e+01 1.001254963135680498e+01 -2.142708424459112693e-01
-8.404689423736291687e+00 -7.218189565590529710e+00 7.805785497426191988e+00
7.398696510524832570e-02 -7.627723953729848461e+01 5.308840153360784520e+00
1.253573602090510164e+01 -3.064530655519703117e+01 -4.805321342354258896e+00
7.860283485057930619e+00 5.818757894713677814e+01 -1.934969205793052183e+01
-2.694390682862161412e+01 -2.678891994965673007e+01 3.171310330272196154e+01
-2.925424061831958156e+01 8.541543905101696144e-01 -2.369021047765870236e+01
-7.501170467163160716e+00 2.311757012744129014e+01 2.917336877318930988e+00
-6.353208624162614448e+00 6.326622148856903749e+01 1.068449898044699609e+01
1.524636522574015984e+01 2.211166615084744436e+01 -4.220807835102998951e+01
-9.726371754836282690e+00 1.391589832846287855e+01 9.333103518312398705e+00
4.877873107615505432e+01 5.346994910975156046e+01 2.281815136729015236e+01
-6.897928449810082441e+01 -1.002191584301330209e+02 5.350139116863261535e+01
3.901286197652486010e+01 -3.678023626001319002e+01 -1.733813312727216172e+01
1.814356092372306506e+01 -2.845055360793080368e+01 -3.280381605205252527e+01
-3.332526211352722978e+00 1.719578829204595039e+00 -3.462766180010657724e+00
5.264580549148960564e+00 4.924935756850259594e+01 -1.465706052502470769e+01
-1.067926713568805752e+01 2.033268833346970794e+01 -2.626919688692063826e+00
-3.112564611200978160e+00 -7.634020429092722715e+00 -5.042841402466471834e+00
1.207139201122592276e+01 -5.972886001698864078e+00 4.552404575000424281e+00
-2.909122691315949361e+00 6.937886249118915827e-02 1.013872697532205791e+01
1.486679559997222100e+01 1.278144536476736448e+01 6.661478356498864883e+00
-5.062629206975169716e+00 -6.307166730133773491e+00 8.355805115408454498e+00
2.740077897659951023e-02 -6.099268492795417274e+01 -1.935891656390961835e+00
1.583919181651318908e+01 -2.949695576272211284e+01 -7.957873042656804508e+00
5.610394578156269185e-01 6.574227977153202573e+01 4.593053352537052270e+00
-2.538379254062346035e+01 -2.059848075141115231e+01 1.828584172458458923e+01
-2.735543790311747969e+01 -8.743730039945990740e+00 -2.822015677797882205e+01
-7.847007026780264738e+00 1.133774555176339760e+01 1.492737092314102787e+00
-9.947042476285815837e+00 7.002529888923932333e+01 1.785059659036768309e+01
1.417073138347093675e+01 2.328021267045052767e+01 -4.504491217372637379e+01
-5.349972746097241050e+00 1.642920326688329524e+01 7.893737883140234501e+00
5.155823279767167122e+01 4.924376404816536024e+01 4.488884382549127849e+01
-6.961113884832673193e+01 -1.074838227146247931e+02 5.422521546804566128e+01
4.020612220343098642e+01 -3.500084459090814448e+01 -1.701049062797608258e+01
1.410117109027981286e+01 -2.733359981311734899e+01 -3.204923272698171388e+01
-2.860515865235072397e+00 1.196911015768164432e+01 -2.538759902785741218e+01
7.018226846186625068e+00 4.181747821303457613e+01 -1.377019168909079561e+01
-1.123007295337004408e+01 1.952253503806949197e+01 -3.002863072104418496e+00
6.884939316098394047e-01 -2.309240106465606246e+01 -1.809056774366138498e+01
1.186610969626703493e+01 -8.951155134478634423e+00 1.326937417961665133e+01
-4.371693668756389428e+00 3.278131390197419837e+00 7.775697646776031036e+00
9.476196606948148471e+00 1.417063414610234418e+01 1.376287279837181110e+01
-1.556243766399522332e+00 -5.122717157479444339e+00 8.431806791358088304e+00
1.305743703401697431e+00 -3.201277938615340446e+01 -1.126986675355599310e+01
1.943663293784688406e+01 -2.054144273398031117e+01 -1.186479343432632128e+01
-4.998842678999653621e+00 6.228304496815149349e+01 2.181391939910748334e+01
-2.296926416719169595e+01 -1.422908210537778295e+01 7.245610503533788993e+00
-2.324233397209723861e+01 -1.748426666240879612e+01 -3.102682922908780938e+01
-8.370547249144426161e+00 -1.397896269110335377e+00 1.540145052789520241e-01
-1.307707186754337414e+01 7.330495287433032559e+01 2.514914098288474165e+01
1.058366027175122959e+01 2.052522899567819792e+01 -4.503012497877080733e+01
1.000204918137031634e-01 1.913225981518376884e+01 6.267699030879081867e+00
5.284359697160212477e+01 4.256723761596591515e+01 6.272136849515946722e+01
-6.466779380454083537e+01 -1.069405160325401454e+02 5.109990801827271412e+01
3.912067687350640455e+01 -3.333872118832640297e+01 -1.621877448631837737e+01
9.940643783103762843e+00 -2.518641254059511070e+01 -3.082106072728596047e+01
-3.572891057407067805e+00 2.183040113308401686e+01 -4.376547473599381988e+01
7.208947272287911545e+00 2.296353427737411224e+01 -9.166163557939970730e+00
-1.264175321238923644e+01 1.197053077192036064e+01 -2.096959428357619615e+00
2.548279559753163781e+00 -3.006206140269512872e+01 -2.415768861374266052e+01
1.142579754648916968e+01 -1.059006963732739770e+01 1.815499580110530076e+01
-5.300440979193162150e+00 6.084400661973214497e+00 5.347597545496119764e+00
3.524715870377018945e+00 1.455754519319906137e+01 1.969605156485920361e+01
8.022225207520357060e-01 -3.435890719988774933e+00 7.767431284624048082e+00
4.738724417262088373e+00 1.032080513383423614e+01 -2.308260855014579249e+01
2.251743768998652584e+01 -7.213739177245042100e+00 -1.537203029478794214e+01
-7.842566125007323308e+00 4.383240962023292298e+01 2.711466987772994486e+01
-1.981677057214599458e+01 -7.866998792598695722e+00 -1.640572281401119215e-01
-1.793629472928056146e+01 -2.465398814304193209e+01 -3.128805149070537439e+01
-9.154234192963791372e+00 -1.382758308134896374e+01 -8.016023360718624868e-01
-1.566627412961542198e+01 7.276513843676406168e+01 3.226777134125160273e+01
4.744412803324784988e+00 1.392706639599226648e+01 -4.212333717012266732e+01
6.404541654028802711e+00 2.188315596301048771e+01 4.360882533519030879e+00
5.220287386186757317e+01 3.545915039716200567e+01 7.178096345458608596e+01
-5.433636015199073199e+01 -9.837782892887729247e+01 4.417635123698403277e+01
3.587789719590043092e+01 -3.177513125731182697e+01 -1.458477995715611186e+01
5.750071314854009685e+00 -2.200229782761155661e+01 -2.914246626312178634e+01
-5.147263663941365586e+00 2.884215695097292453e+01 -5.395149583292074169e+01
4.970467154693986700e+00 -7.722820677228035890e+00 -3.614336707037531515e-01
-1.415782490152255235e+01 9.754307339340144711e-01 -7.828817709745511388e-01
1.697113439594880369e+00 -2.456788445315272540e+01 -1.882377189167896603e+01
1.078827734081035317e+01 -1.055845682014052045e+01 1.812300589265973372e+01
-5.448520447523229393e+00 6.876077671519170487e+00 3.321684244754590232e+00
-1.471255934606001459e+00 1.464382675632349695e+01 2.309941638505358341e+01
1.285546790451965959e+00 -9.584889011890163069e-01 6.233772675812629949e+00
1.016669694865139739e+01 5.782579427324883881e+01 -3.560631203959827928e+01
2.416004246955555601e+01 6.273034042114453257e+00 -1.726518375603909305e+01
-9.030560118329027830e+00 1.470260318817333456e+01 2.320924717870107656e+01
-1.617116730781949840e+01 -1.608832581306443688e+00 -3.664110381541525463e+00
-1.286456789923409261e+01 -2.983216143198022863e+01 -2.844609373301277344e+01
-1.024949693965157138e+01 -2.466085997902969851e+01 -1.176683627204130111e+00
-1.762443432923577546e+01 6.828222419148224276e+01 3.865046186124302352e+01
-3.207986486973167573e+00 3.411417734464083029e+00 -3.627651823098320705e+01
1.326213473894273598e+01 2.449499200135493027e+01 2.087156241453237637e+00
4.905373377021676617e+01 2.848606066314767915e+01 7.179735032283716123e+01
-3.910955030973190816e+01 -8.194850589401562502e+01 3.360722913765904707e+01
3.076676670096394517e+01 -3.026571439881929493e+01 -1.179570154065463861e+01
1.569134832667519630e+00 -1.773938194295008941e+01 -2.695329972126339513e+01
-6.716187420369744032e+00 3.241578203193071772e+01 -5.545453415719788381e+01
4.909989068893772513e-01 -4.315787518012404433e+01 1.060385718470095995e+01
-1.488546636056366701e+01 -9.477927906437733085e+00 3.161400300844518368e-02
-6.210183127356253552e-01 -1.045545991619061255e+01 -5.232398537609344480e+00
1.006960069282489734e+01 -8.837638807397146579e+00 1.309662132191686368e+01
-4.805477870801262874e+00 4.553316471786377662e+00 1.756511241946456581e+00
-4.344752988548254535e+00 1.511587860619603596e+01 2.306497538342652831e+01
9.155728328139733918e-02 2.423254834352211340e+00 3.965811848211468149e+00
1.439382592420588836e+01 8.935972942358699811e+01 -4.207609759630992841e+01
2.385006633998265357e+01 1.675062850369725354e+01 -1.671597168254478305e+01
-1.015869621053069061e+01 -1.636817377405386154e+01 1.666411096208074127e+01
-1.237618135725947965e+01 4.362134761095058266e+00 -3.643072721099934519e+00
-9.232741509887050668e+00 -3.297658432543270379e+01 -2.240430082580686388e+01
-1.161963905495798244e+01 -3.259038951456317790e+01 -9.497090782979985546e-01
-1.885286128056869615e+01 5.991827603936490476e+01 4.346092966920330980e+01
-1.299732062379506381e+01 -1.095153651103505865e+01 -2.760538537326452158e+01
2.028056080315282017e+01 2.675371409311818027e+01 -5.621126263348558139e-01
4.332586103511962961e+01 2.243257911274393734e+01 6.350686618851349152e+01
-2.000016143513417788e+01 -5.843461048204759578e+01 1.978212679503077354e+01
2.420355500617940692e+01 -2.876665806336820808e+01 -7.781378917909320236e+00
-2.536143861824115220e+00 -1.235597970102347531e+01 -2.412856839349215932e+01
-7.598658044107170717e+00 3.213604198070399320e+01 -4.868782125144988981e+01
-3.033128795989811000e+00 -6.373118686874995831e+01 1.682220825101903472e+01
-1.432811243618203356e+01 -1.649714847109851590e+01 -1.759427177182681656e-01
-2.583429682678007211e+00 4.720280148590169311e+00 9.503846408454071693e+00
9.426967224543961521e+00 -5.691234406104195287e+00 3.883374718611163789e+00
-3.598407565911784012e+00 -7.281229025978075420e-01 2.463828905130041602e-01
-4.763164199782869979e+00 1.621359007442216793e+01 1.948847468516583348e+01
-1.802192646218562011e+00 6.444650882751895793e+00 1.372041801458679933e+00
1.319685170414813946e+01 8.818693647694817628e+01 -3.645965295651265592e+01
2.159309570667564770e+01 2.274761395712681988e+01 -1.346739808075653322e+01
-1.201604023206507321e+01 -4.310711608789686977e+01 1.215924123046353067e+01
-8.633129648100728915e+00 1.006633138276134254e+01 -1.879516513216749729e+00
-7.329820436378565063e+00 -3.444675167583908859e+01 -1.382458058113825849e+01
-1.316515350780835014e+01 -3.703441236987246299e+01 -3.265005531258917126e-01
-1.927249625966170044e+01 4.785967548539525040e+01 4.595736510999439162e+01
-2.411708608324719449e+01 -2.868789935227249188e+01 -1.650369657779816635e+01
2.711480506138872215e+01 2.845856620426719275e+01 -3.600612008207083825e+00
3.533632299912694208e+01 1.858487746436920318e+01 4.770762825809794805e+01
1.669317782036067399e+00 -2.925598021856013986e+01 3.317050054066030818e+00
1.667333546805983602e+01 -2.713391813342511227e+01 -2.593815107972379685e+00
-6.638069052920855029e+00 -5.715671816981840792e+00 -2.041719590752810376e+01
-7.399539629659830808e+00 2.736458651651621210e+01 -3.415923026348178837e+01
-1.388229451686297855e+00 -5.369983366478606968e+01 1.216742932839201075e+01
-1.247054548019282727e+01 -1.879896687611517692e+01 -1.518376926261912452e+00
-3.266082257242850950e+00 1.587372056893629235e+01 2.043232461909531494e+01
8.920775571722694863e+00 -1.781032846155445215e+00 -7.352129297541275754e+00
-2.148775087602069256e+00 -7.569726369486013517e+00 -1.799978717350716240e+00
-3.448576639125471743e+00 1.753193313198608294e+01 1.321419315876162415e+01
-3.210961713287803221e+00 1.055706822308414772e+01 -1.052547082157765823e+00
6.926438327699426800e+00 6.269491163015116797e+01 -2.203244734098326063e+01
1.780159488570459558e+01 2.369775704611878453e+01 -7.781639798654325091e+00
-1.458244270284517441e+01 -6.209770342868359450e+01 1.143662528322848537e+01
-4.895901508663452972e+00 1.557150208406260816e+01 -1.566901930654582387e+00
-6.789054969914603888e+00 -3.465489182077735819e+01 -4.123140724773564081e+00
-1.466012231631382434e+01 -3.798073118430694706e+01 4.237355500758725468e-01
-1.883337823220302454e+01 3.267820790244000762e+01 4.544064810493370032e+01
-3.525021338012989958e+01 -4.788634816992896504e+01 -4.159500385697979752e+00
3.330952151803082728e+01 2.941104417592696052e+01 -6.937580307154316728e+00
2.581252395696619573e+01 1.775416320879780940e+01 2.669187942744393638e+01
2.353108745306390759e+01 2.356056697724957516e+00 -1.422566693926134285e+01
8.788358434665527241e+00 -2.525848914715397697e+01 3.452307233779057238e+00
-1.071137799793358347e+01 2.210414092717559509e+00 -1.559436709554081091e+01
-5.979270465022100467e+00 1.828696232596654880e+01 -1.404515287939763191e+01
5.050723558430355808e+00 -2.186382469980554788e+01 -2.569272158975163256e-01
-9.653957189130480288e+00 -1.608925668299547951e+01 -3.837976725693860391e+00
-2.598808602596106798e+00 2.102254833152612434e+01 2.559502649403318841e+01
8.322469299482969873e+00 1.750843014850418600e+00 -1.668742777157642720e+01
-7.364651573301560505e-01 -1.389600617165617535e+01 -4.705233258711167821e+00
-1.628293099062317451e+00 1.826776743224195343e+01 5.741758705660866546e+00
-3.223430627077518373e+00 1.402507217696158293e+01 -2.828019610979879861e+00
-2.096058203965781019e-01 3.395210873927060646e+01 -7.109444984499515563e+00
1.309592405883475763e+01 2.013447707252204566e+01 -2.158313836296739952e-01
-1.764689734720235492e+01 -7.197964667251788740e+01 1.489502526822499817e+01
-6.409780613717149800e-01 2.077651525837574553e+01 -6.182146748019093252e+00
-6.954436760746403934e+00 -3.408402308798284963e+01 5.045220160532298159e+00
-1.586109394087800339e+01 -3.588965343092765181e+01 1.009741295188566479e+00
-1.751503517463910953e+01 1.501033574333918530e+01 4.152619537466292599e+01
-4.447108125865447903e+01 -6.524247495367713157e+01 7.624189968292271580e+00
3.846700933553329094e+01 2.943997940801282098e+01 -1.048467855963127704e+01
1.571214407951686987e+01 1.768298071170137575e+01 6.183146395601094802e+00
4.291382954392197746e+01 3.190243513176687529e+01 -3.048305770494843969e+01
1.118131315630686906e+00 -2.292796555943568748e+01 1.006775199700005885e+01
-1.477434776469309874e+01 1.144659448515241529e+01 -9.441868258370071487e+00