5.599849999999999994e+00 7.103170000000000428e+00 5.220469999999999722e+00
5.016370000000000218e+00 6.655339999999999812e+00 6.440669999999999895e+00
5.532510000000000261e+00 5.571749999999999758e+00 7.190229999999999677e+00
6.600789999999999935e+00 4.793610000000000149e+00 6.709710000000000285e+00
7.138219999999999565e+00 5.135670000000000179e+00 5.480199999999999960e+00
6.695420000000000371e+00 6.301269999999999705e+00 4.800349999999999895e+00
5.223600000000000243e+00 7.984079999999999622e+00 4.699169999999999625e+00
4.093799999999999883e+00 7.143930000000000113e+00 6.801599999999999646e+00
5.096809999999999619e+00 5.265030000000000321e+00 8.128259999999999152e+00
6.959520000000000373e+00 4.015920000000000378e+00 7.249390000000000001e+00
7.906200000000000117e+00 4.541140000000000398e+00 5.052089999999999748e+00
7.178689999999999571e+00 6.462659999999999627e+00 3.871739999999999959e+00
5.624270000000000103e+00 7.098910000000000053e+00 5.221400000000000041e+00
5.033409999999999940e+00 6.657060000000000421e+00 6.438559999999999839e+00
5.544010000000000105e+00 5.571830000000000283e+00 7.183910000000000018e+00
6.625060000000000393e+00 4.791859999999999786e+00 6.713429999999999787e+00
7.162510000000000154e+00 5.136759999999999771e+00 5.482700000000000351e+00
6.712019999999999875e+00 6.300340000000000273e+00 4.810480000000000089e+00
5.237800000000000011e+00 7.974590000000000067e+00 4.715760000000000396e+00
4.074900000000000411e+00 7.125860000000000305e+00 6.789500000000000313e+00
5.077250000000000263e+00 5.290029999999999788e+00 8.118940000000000268e+00
6.984449999999999825e+00 4.025409999999999933e+00 7.261589999999999989e+00
7.925099999999999589e+00 4.572779999999999845e+00 5.031139999999999723e+00
7.216980000000000395e+00 6.470259999999999678e+00 3.881060000000000176e+00
5.639490000000000336e+00 7.106440000000000090e+00 5.225670000000000037e+00
5.040140000000000065e+00 6.672360000000000291e+00 6.438419999999999810e+00
5.545960000000000001e+00 5.585320000000000285e+00 7.178829999999999600e+00
6.638069999999999915e+00 4.806119999999999948e+00 6.717769999999999797e+00
7.176020000000000287e+00 5.152590000000000003e+00 5.487440000000000317e+00
6.718600000000000350e+00 6.312450000000000117e+00 4.822600000000000442e+00
5.241789999999999949e+00 7.981860000000000177e+00 4.729460000000000441e+00
4.051689999999999792e+00 7.120350000000000179e+00 6.778760000000000119e+00
5.043330000000000091e+00 5.327160000000000117e+00 8.116709999999999425e+00
7.011930000000000440e+00 4.018139999999999823e+00 7.295519999999999783e+00
7.948310000000000208e+00 4.608069999999999666e+00 5.004979999999999762e+00
7.249039999999999928e+00 6.497289999999999566e+00 3.883290000000000131e+00
5.644730000000000025e+00 7.119530000000000136e+00 5.231760000000000410e+00
5.035820000000000185e+00 6.694650000000000212e+00 6.438690000000000246e+00
5.537799999999999834e+00 5.605590000000000295e+00 7.173759999999999692e+00
6.639770000000000394e+00 4.828820000000000334e+00 6.721969999999999779e+00
7.178569999999999673e+00 5.176370000000000360e+00 5.492750000000000021e+00
6.715259999999999785e+00 6.331199999999999939e+00 4.834399999999999586e+00
5.235710000000000086e+00 7.999579999999999913e+00 4.737879999999999647e+00
4.027440000000000353e+00 7.120090000000000252e+00 6.766740000000000421e+00
4.997639999999999638e+00 5.369439999999999991e+00 8.116609999999999658e+00
7.035519999999999996e+00 4.000420000000000087e+00 7.340379999999999683e+00
7.972559999999999647e+00 4.641899999999999693e+00 4.974800000000000111e+00
7.270400000000000418e+00 6.535800000000000054e+00 3.883389999999999898e+00
5.642240000000000144e+00 7.131219999999999892e+00 5.238419999999999632e+00
5.023100000000000342e+00 6.716249999999999609e+00 6.438259999999999650e+00
5.522120000000000140e+00 5.624990000000000379e+00 7.168110000000000426e+00
6.633399999999999963e+00 4.850999999999999979e+00 6.725920000000000343e+00
7.173490000000000144e+00 5.200009999999999799e+00 5.497150000000000425e+00
6.705330000000000013e+00 6.349210000000000242e+00 4.843919999999999781e+00
5.223709999999999631e+00 8.018499999999999517e+00 4.740339999999999776e+00
4.006689999999999863e+00 7.118059999999999832e+00 6.752200000000000202e+00
4.947160000000000224e+00 5.408699999999999619e+00 8.113500000000000156e+00
7.049870000000000303e+00 3.981500000000000039e+00 7.382349999999999746e+00
7.993310000000000137e+00 4.670639999999999681e+00 4.945380000000000109e+00
7.279460000000000264e+00 6.576260000000000439e+00 3.886499999999999844e+00
5.635609999999999786e+00 7.137609999999999566e+00 5.245020000000000238e+00
5.006070000000000242e+00 6.732479999999999798e+00 6.436630000000000074e+00
5.502779999999999561e+00 5.638959999999999972e+00 7.161830000000000140e+00
6.623370000000000424e+00 4.867280000000000051e+00 6.729910000000000281e+00
7.165470000000000006e+00 5.218519999999999825e+00 5.499869999999999592e+00
6.693249999999999922e+00 6.362169999999999881e+00 4.850249999999999950e+00
5.211560000000000414e+00 8.031390000000000029e+00 4.737700000000000244e+00
3.992630000000000123e+00 7.111040000000000028e+00 6.735159999999999592e+00
4.899169999999999803e+00 5.439899999999999736e+00 8.103790000000000049e+00
7.053390000000000271e+00 3.968609999999999971e+00 7.412049999999999805e+00
8.007369999999999877e+00 4.693909999999999805e+00 4.922019999999999840e+00
7.277440000000000353e+00 6.612630000000000230e+00 3.896209999999999951e+00
5.628610000000000113e+00 7.137509999999999799e+00 5.251439999999999664e+00
4.989020000000000010e+00 6.741419999999999746e+00 6.433790000000000120e+00
5.483660000000000423e+00 5.645780000000000243e+00 7.155160000000000409e+00
6.613929999999999865e+00 4.875539999999999985e+00 6.734350000000000058e+00
7.159060000000000201e+00 5.229860000000000397e+00 5.500829999999999664e+00
6.683360000000000412e+00 6.368470000000000297e+00 4.853279999999999816e+00
5.204810000000000159e+00 8.033929999999999794e+00 4.731469999999999843e+00
3.986029999999999962e+00 7.099179999999999602e+00 6.716709999999999958e+00
4.859650000000000247e+00 5.460639999999999716e+00 8.086140000000000327e+00
7.047240000000000393e+00 3.966070000000000206e+00 7.424940000000000317e+00
8.013970000000000482e+00 4.712609999999999744e+00 4.908850000000000158e+00
7.267439999999999678e+00 6.642220000000000013e+00 3.913860000000000117e+00
5.624719999999999942e+00 7.131070000000000242e+00 5.257950000000000124e+00
4.976009999999999600e+00 6.742580000000000240e+00 6.430080000000000240e+00
5.468469999999999942e+00 5.645170000000000243e+00 7.148579999999999934e+00
6.608780000000000321e+00 4.875490000000000101e+00 6.739720000000000155e+00
7.158179999999999765e+00 5.233629999999999782e+00 5.500530000000000364e+00
6.679409999999999847e+00 6.367960000000000065e+00 4.853570000000000384e+00
5.208000000000000185e+00 8.024300000000000210e+00 4.723309999999999675e+00
3.985409999999999897e+00 7.084730000000000416e+00 6.698879999999999946e+00
4.832939999999999792e+00 5.469660000000000188e+00 8.061600000000000321e+00
7.034099999999999575e+00 3.975699999999999790e+00 7.419979999999999798e+00
8.014590000000000103e+00 4.727389999999999759e+00 4.908439999999999692e+00
7.253960000000000186e+00 6.664310000000000400e+00 3.938400000000000123e+00
5.626590000000000202e+00 7.119369999999999976e+00 5.265109999999999957e+00
4.970229999999999926e+00 6.736480000000000246e+00 6.426289999999999836e+00
5.460119999999999862e+00 5.637920000000000265e+00 7.142879999999999896e+00
6.610500000000000043e+00 4.868210000000000370e+00 6.746500000000000163e+00
7.165390000000000370e+00 5.230559999999999654e+00 5.500070000000000014e+00
6.683919999999999639e+00 6.361460000000000115e+00 4.852360000000000007e+00
5.223690000000000389e+00 8.003209999999999269e+00 4.714780000000000193e+00
3.987629999999999786e+00 7.071080000000000254e+00 6.684379999999999988e+00
4.821100000000000385e+00 5.466440000000000410e+00 8.033849999999999270e+00
7.017420000000000435e+00 3.996789999999999843e+00 7.399399999999999977e+00
8.012370000000000658e+00 4.738100000000000200e+00 4.921719999999999651e+00
7.242420000000000080e+00 6.679739999999999789e+00 3.966149999999999842e+00
5.634579999999999700e+00 7.104829999999999757e+00 5.273769999999999847e+00
4.972199999999999953e+00 6.725340000000000096e+00 6.423569999999999780e+00
5.459179999999999922e+00 5.626389999999999780e+00 7.138950000000000351e+00
6.619030000000000413e+00 4.856749999999999901e+00 6.755169999999999675e+00
7.180559999999999832e+00 5.223119999999999763e+00 5.501000000000000334e+00
6.696729999999999627e+00 6.351289999999999658e+00 4.851409999999999556e+00
5.251009999999999955e+00 7.974499999999999922e+00 4.707049999999999734e+00
3.988939999999999930e+00 7.062179999999999680e+00 6.675569999999999560e+00
4.822160000000000224e+00 5.452139999999999986e+00 8.008350000000000080e+00
7.000490000000000101e+00 4.025500000000000078e+00 7.369480000000000253e+00
8.011060000000000514e+00 4.744629999999999903e+00 4.947470000000000034e+00
7.237280000000000157e+00 6.691840000000000011e+00 3.991649999999999920e+00
5.645789999999999864e+00 7.092150000000000176e+00 5.284570000000000434e+00
4.978690000000000282e+00 6.713930000000000398e+00 6.423020000000000174e+00
5.462900000000000311e+00 5.615339999999999776e+00 7.137500000000000178e+00
6.630639999999999645e+00 4.847050000000000303e+00 6.765550000000000175e+00
7.199770000000000003e+00 5.216350000000000264e+00 5.504830000000000112e+00
6.714120000000000310e+00 6.342150000000000176e+00 4.852439999999999642e+00
5.284769999999999968e+00 7.945770000000000444e+00 4.700639999999999930e+00
3.986120000000000108e+00 7.062759999999999927e+00 6.673589999999999911e+00
4.829920000000000435e+00 5.430589999999999584e+00 7.991119999999999557e+00
6.986030000000000406e+00 4.054229999999999556e+00 7.341000000000000192e+00
8.013880000000000337e+00 4.747700000000000031e+00 4.982050000000000090e+00
7.239939999999999820e+00 6.706629999999999647e+00 4.008880000000000443e+00
5.654910000000000103e+00 7.087710000000000399e+00 5.297519999999999563e+00
4.983509999999999884e+00 6.708990000000000009e+00 6.424990000000000201e+00
5.465770000000000017e+00 5.611309999999999576e+00 7.138429999999999609e+00
6.639009999999999856e+00 4.847269999999999968e+00 6.776629999999999932e+00
7.216719999999999580e+00 5.217279999999999696e+00 5.512340000000000018e+00
6.730150000000000077e+00 6.340589999999999726e+00 4.856130000000000280e+00
5.317479999999999762e+00 7.926490000000000258e+00 4.694759999999999600e+00
3.977129999999999832e+00 7.077930000000000277e+00 6.677660000000000373e+00
4.835980000000000167e+00 5.407750000000000057e+00 7.985699999999999577e+00
6.975570000000000270e+00 4.073509999999999742e+00 7.326299999999999812e+00
8.022869999999999280e+00 4.749620000000000175e+00 5.020719999999999850e+00
7.247370000000000090e+00 6.731810000000000294e+00 4.014300000000000423e+00
5.656480000000000175e+00 7.096180000000000376e+00 5.311510000000000176e+00
4.980170000000000208e+00 6.715670000000000250e+00 6.428779999999999717e+00
5.461999999999999744e+00 5.619089999999999918e+00 7.140769999999999840e+00
6.637819999999999609e+00 4.863480000000000025e+00 6.786570000000000213e+00
7.225089999999999790e+00 5.231150000000000411e+00 5.523030000000000328e+00
6.738929999999999865e+00 6.351659999999999862e+00 4.861650000000000027e+00
5.341610000000000191e+00 7.924089999999999634e+00 4.687809999999999810e+00
3.961710000000000065e+00 7.110170000000000101e+00 6.685410000000000075e+00
4.833450000000000024e+00 5.388659999999999783e+00 7.991950000000000109e+00
6.968530000000000335e+00 4.075910000000000366e+00 7.333510000000000417e+00
8.038289999999999935e+00 4.752049999999999663e+00 5.058830000000000382e+00
7.253490000000000215e+00 6.771490000000000009e+00 4.008049999999999891e+00
5.647840000000000416e+00 7.115549999999999820e+00 5.324600000000000222e+00
4.965130000000000265e+00 6.732330000000000148e+00 6.433099999999999596e+00
5.448450000000000237e+00 5.636650000000000382e+00 7.143290000000000362e+00
6.624200000000000088e+00 4.893500000000000405e+00 6.793820000000000192e+00
7.221759999999999735e+00 5.256029999999999980e+00 5.535370000000000346e+00
6.737490000000000201e+00 6.373689999999999856e+00 4.867239999999999789e+00
5.352490000000000414e+00 7.938109999999999999e+00 4.678700000000000081e+00
3.942320000000000046e+00 7.154519999999999769e+00 6.693959999999999688e+00
4.820450000000000124e+00 5.373070000000000235e+00 8.006050000000000111e+00
6.960869999999999891e+00 4.061890000000000001e+00 7.359460000000000335e+00
8.057679999999999509e+00 4.753160000000000274e+00 5.093759999999999621e+00
7.252519999999999634e+00 6.820470000000000255e+00 3.993949999999999889e+00
5.630469999999999864e+00 7.138020000000000032e+00 5.335180000000000256e+00
4.939359999999999751e+00 6.751450000000000173e+00 6.436919999999999753e+00
5.426090000000000302e+00 5.656080000000000219e+00 7.145249999999999879e+00
6.600089999999999790e+00 4.928040000000000198e+00 6.797990000000000421e+00
7.208440000000000403e+00 5.283820000000000405e+00 5.547760000000000247e+00
6.727219999999999978e+00 6.399140000000000050e+00 4.871299999999999741e+00
5.350469999999999615e+00 7.960410000000000430e+00 4.667880000000000251e+00
3.923700000000000188e+00 7.200520000000000032e+00 6.701139999999999652e+00
4.800720000000000098e+00 5.355920000000000236e+00 8.022180000000000533e+00
6.947409999999999641e+00 4.039589999999999570e+00 7.391989999999999839e+00
8.076299999999999812e+00 4.749340000000000117e+00 5.126500000000000057e+00
7.242149999999999643e+00 6.866979999999999862e+00 3.977819999999999911e+00
5.608389999999999986e+00 7.156279999999999752e+00 5.342509999999999870e+00
4.906629999999999825e+00 6.765799999999999592e+00 6.439849999999999852e+00
5.398310000000000386e+00 5.669870000000000410e+00 7.146659999999999791e+00
6.570009999999999906e+00 4.958160000000000345e+00 6.799599999999999866e+00
7.189750000000000085e+00 5.306729999999999947e+00 5.559359999999999857e+00
6.712119999999999642e+00 6.420849999999999724e+00 4.873099999999999987e+00
5.339240000000000208e+00 7.981910000000000061e+00 4.657289999999999708e+00
3.910470000000000113e+00 7.239270000000000316e+00 6.706220000000000070e+00
4.780529999999999724e+00 5.332569999999999588e+00 8.035119999999999152e+00
6.925580000000000069e+00 4.018089999999999939e+00 7.419480000000000075e+00
8.089529999999999887e+00 4.739049999999999763e+00 5.160120000000000040e+00
7.223480000000000345e+00 6.900599999999999845e+00 3.964879999999999960e+00
5.586350000000000371e+00 7.165930000000000355e+00 5.346510000000000318e+00
4.871909999999999741e+00 6.770999999999999908e+00 6.441930000000000156e+00
5.369489999999999874e+00 5.673540000000000028e+00 7.147960000000000313e+00
6.539189999999999614e+00 4.978299999999999947e+00 6.799430000000000085e+00
7.171090000000000408e+00 5.319969999999999644e+00 5.569869999999999877e+00
6.696950000000000180e+00 6.434440000000000381e+00 4.872709999999999653e+00
5.323649999999999771e+00 7.996019999999999683e+00 4.649650000000000283e+00
3.905479999999999841e+00 7.265869999999999607e+00 6.709679999999999644e+00
4.766009999999999636e+00 5.301280000000000214e+00 8.041370000000000573e+00
6.896160000000000068e+00 4.003980000000000317e+00 7.434739999999999682e+00
8.094519999999999271e+00 4.723399999999999821e+00 5.197090000000000209e+00
7.199939999999999785e+00 6.915160000000000196e+00 3.958629999999999871e+00
5.569160000000000110e+00 7.164990000000000414e+00 5.347610000000000419e+00
4.840760000000000396e+00 6.765080000000000204e+00 6.443469999999999587e+00
5.344240000000000101e+00 5.665269999999999584e+00 7.149759999999999671e+00
6.512909999999999755e+00 4.985649999999999693e+00 6.798339999999999606e+00
7.157610000000000028e+00 5.321340000000000181e+00 5.579379999999999562e+00
6.686370000000000147e+00 6.437780000000000058e+00 4.870759999999999756e+00
5.308600000000000207e+00 7.998969999999999914e+00 4.647579999999999600e+00
3.909069999999999823e+00 7.278909999999999769e+00 6.712950000000000195e+00
4.761849999999999916e+00 5.262749999999999595e+00 8.039619999999999322e+00
6.862519999999999953e+00 4.001030000000000086e+00 7.434580000000000410e+00
8.090930000000000177e+00 4.704649999999999999e+00 5.238069999999999560e+00
7.176540000000000141e+00 6.908439999999999692e+00 3.960379999999999789e+00
5.560039999999999871e+00 7.153260000000000396e+00 5.346779999999999866e+00
4.816919999999999646e+00 6.747700000000000031e+00 6.445030000000000037e+00
5.325569999999999915e+00 5.644989999999999952e+00 7.152800000000000047e+00
6.494449999999999612e+00 4.979960000000000164e+00 6.797229999999999883e+00
7.152790000000000425e+00 5.310839999999999783e+00 5.588750000000000107e+00
6.683620000000000339e+00 6.430589999999999584e+00 4.868430000000000035e+00
5.297570000000000334e+00 7.989939999999999820e+00 4.652790000000000425e+00
3.919210000000000083e+00 7.280529999999999724e+00 6.718320000000000292e+00
4.770059999999999967e+00 5.217290000000000205e+00 8.031100000000000350e+00
6.827840000000000131e+00 4.010060000000000180e+00 7.419340000000000046e+00
8.080790000000000362e+00 4.684210000000000207e+00 5.283920000000000172e+00
7.158140000000000391e+00 6.881660000000000110e+00 3.968900000000000095e+00
5.560929999999999929e+00 7.132039999999999935e+00 5.345430000000000348e+00
4.803350000000000009e+00 6.720209999999999795e+00 6.447429999999999772e+00
5.315599999999999881e+00 5.614569999999999617e+00 7.157840000000000202e+00
6.486010000000000275e+00 4.962769999999999904e+00 6.797109999999999985e+00
7.158439999999999692e+00 5.290230000000000210e+00 5.598950000000000315e+00
6.690479999999999983e+00 6.413949999999999818e+00 4.867409999999999570e+00
5.292699999999999960e+00 7.970650000000000013e+00 4.666030000000000122e+00
3.932259999999999867e+00 7.274429999999999730e+00 6.728170000000000428e+00
4.789710000000000356e+00 5.166760000000000019e+00 8.019539999999999225e+00
6.796179999999999666e+00 4.029349999999999987e+00 7.392509999999999692e+00
8.067740000000000578e+00 4.663450000000000095e+00 5.333389999999999631e+00
7.149810000000000443e+00 6.839369999999999727e+00 3.980459999999999887e+00
5.570890000000000342e+00 7.104700000000000237e+00 5.345089999999999897e+00
4.799800000000000288e+00 6.686139999999999972e+00 6.451570000000000249e+00
5.313629999999999853e+00 5.578030000000000044e+00 7.165490000000000137e+00
6.486620000000000275e+00 4.938209999999999766e+00 6.798759999999999692e+00
7.173239999999999839e+00 5.263550000000000395e+00 5.611130000000000173e+00
6.705790000000000362e+00 6.391029999999999767e+00 4.869559999999999889e+00
5.293129999999999669e+00 7.945850000000000080e+00 4.687030000000000030e+00
3.944179999999999797e+00 7.265460000000000029e+00 6.744209999999999816e+00
4.816110000000000113e+00 5.113819999999999588e+00 8.010369999999999990e+00
6.770400000000000418e+00 4.054149999999999920e+00 7.360890000000000377e+00
8.055820000000000647e+00 4.643550000000000288e+00 5.384649999999999714e+00
7.154370000000000118e+00 6.789060000000000095e+00 3.989630000000000010e+00
5.585429999999999673e+00 7.077820000000000000e+00 5.346739999999999604e+00
4.802209999999999646e+00 6.652510000000000367e+00 6.457860000000000156e+00
5.315549999999999997e+00 5.542670000000000208e+00 7.175639999999999574e+00
6.491609999999999658e+00 4.914250000000000007e+00 6.801949999999999719e+00
7.192040000000000433e+00 5.238290000000000113e+00 5.625849999999999795e+00
6.724899999999999878e+00 6.368269999999999875e+00 4.875969999999999693e+00
5.294570000000000221e+00 7.924030000000000129e+00 4.714089999999999669e+00
3.951369999999999827e+00 7.259459999999999802e+00 6.766099999999999781e+00
4.840880000000000294e+00 5.063819999999999766e+00 8.008950000000000458e+00
6.752060000000000173e+00 4.075969999999999871e+00 7.334999999999999964e+00
8.048629999999999285e+00 4.626669999999999838e+00 5.434569999999999901e+00
7.170530000000000292e+00 6.741139999999999688e+00 3.991049999999999986e+00
5.597940000000000360e+00 7.059910000000000352e+00 5.349969999999999892e+00
4.804030000000000022e+00 6.628289999999999793e+00 6.465499999999999581e+00
5.315050000000000274e+00 5.517540000000000333e+00 7.187009999999999899e+00
6.494030000000000413e+00 4.901099999999999568e+00 6.804999999999999716e+00
7.207559999999999967e+00 5.223819999999999908e+00 5.642400000000000304e+00
6.741319999999999979e+00 6.354219999999999757e+00 4.886040000000000383e+00
5.290750000000000064e+00 7.915309999999999846e+00 4.744250000000000078e+00
3.951220000000000176e+00 7.262170000000000236e+00 6.791089999999999627e+00
4.854759999999999742e+00 5.024099999999999788e+00 8.017870000000000275e+00
6.741310000000000358e+00 4.084690000000000154e+00 7.326069999999999638e+00
8.048780000000000712e+00 4.615879999999999761e+00 5.479280000000000150e+00
7.192660000000000053e+00 6.705910000000000259e+00 3.982130000000000170e+00
5.602710000000000079e+00 7.056160000000000210e+00 5.353119999999999656e+00
4.799489999999999590e+00 6.619159999999999933e+00 6.472590000000000288e+00
5.306589999999999918e+00 5.508119999999999905e+00 7.197359999999999758e+00
6.488059999999999938e+00 4.904819999999999958e+00 6.805530000000000079e+00
7.213689999999999714e+00 5.225880000000000081e+00 5.658739999999999881e+00
6.749649999999999928e+00 6.354230000000000267e+00 4.897420000000000329e+00
5.276779999999999582e+00 7.925419999999999909e+00 4.773869999999999614e+00
3.943070000000000075e+00 7.275059999999999860e+00 6.814659999999999940e+00
4.851390000000000313e+00 5.000160000000000160e+00 8.035399999999999210e+00
6.736460000000000115e+00 4.074580000000000091e+00 7.339039999999999786e+00
8.056929999999999481e+00 4.612589999999999968e+00 5.514870000000000161e+00
7.213099999999999845e+00 6.688130000000000130e+00 3.964599999999999902e+00
5.597680000000000433e+00 7.063600000000000101e+00 5.354370000000000296e+00
4.786529999999999951e+00 6.622399999999999842e+00 6.477140000000000342e+00
5.288210000000000299e+00 5.511370000000000324e+00 7.204729999999999634e+00
6.472010000000000041e+00 4.921669999999999767e+00 6.802130000000000010e+00
7.208680000000000199e+00 5.241469999999999629e+00 5.672670000000000101e+00
6.748359999999999914e+00 6.365520000000000067e+00 4.907370000000000232e+00
5.251960000000000406e+00 7.950380000000000003e+00 4.800220000000000375e+00
3.929069999999999840e+00 7.291960000000000441e+00 6.832510000000000083e+00
4.830210000000000115e+00 4.990809999999999746e+00 8.056380000000000763e+00
6.733769999999999811e+00 4.049619999999999997e+00 7.367119999999999891e+00
8.070930000000000604e+00 4.614449999999999719e+00 5.539209999999999745e+00
7.226219999999999644e+00 6.683180000000000121e+00 3.943620000000000125e+00
5.584839999999999804e+00 7.074460000000000193e+00 5.352590000000000181e+00
4.767310000000000159e+00 6.630320000000000213e+00 6.477909999999999613e+00
5.262019999999999698e+00 5.519269999999999676e+00 7.208059999999999690e+00
6.448590000000000266e+00 4.941930000000000156e+00 6.794909999999999783e+00
7.195330000000000226e+00 5.262170000000000236e+00 5.682540000000000369e+00
6.739910000000000068e+00 6.380349999999999966e+00 4.913859999999999673e+00
5.220329999999999693e+00 7.979860000000000397e+00 4.821839999999999904e+00
3.913740000000000219e+00 7.303060000000000329e+00 6.841680000000000206e+00
4.796009999999999884e+00 4.991039999999999921e+00 8.074419999999999931e+00
6.729930000000000412e+00 4.020139999999999603e+00 7.396889999999999965e+00
8.086259999999999337e+00 4.618439999999999657e+00 5.552030000000000243e+00
7.230089999999999684e+00 6.681849999999999845e+00 3.925580000000000069e+00
5.568159999999999776e+00 7.082429999999999559e+00 5.347599999999999909e+00
4.746030000000000193e+00 6.636409999999999698e+00 6.474680000000000213e+00
5.232000000000000206e+00 5.525059999999999860e+00 7.207370000000000054e+00
6.422290000000000276e+00 4.957620000000000360e+00 6.784839999999999982e+00
7.178700000000000081e+00 5.280940000000000190e+00 5.687870000000000203e+00
6.728679999999999772e+00 6.392430000000000057e+00 4.916129999999999889e+00
5.187800000000000189e+00 8.004709999999999326e+00 4.838890000000000136e+00
3.901409999999999823e+00 7.301809999999999690e+00 6.841330000000000133e+00
4.755469999999999864e+00 4.996669999999999945e+00 8.084580000000000766e+00
6.724000000000000199e+00 3.995289999999999786e+00 7.417530000000000179e+00
8.098589999999999733e+00 4.624159999999999826e+00 5.554840000000000444e+00
7.226149999999999629e+00 6.676980000000000359e+00 3.915420000000000122e+00
5.552270000000000039e+00 7.084089999999999776e+00 5.340040000000000120e+00
4.727660000000000196e+00 6.636989999999999945e+00 6.467889999999999695e+00
5.203079999999999927e+00 5.525039999999999729e+00 7.203299999999999592e+00
6.398159999999999847e+00 4.964150000000000063e+00 6.773360000000000269e+00
7.164220000000000255e+00 5.293549999999999756e+00 5.688889999999999780e+00
6.719350000000000378e+00 6.398259999999999614e+00 4.914369999999999905e+00
5.160910000000000331e+00 8.018760000000000332e+00 4.851759999999999629e+00
3.894859999999999989e+00 7.286520000000000330e+00 6.832279999999999909e+00
4.715609999999999857e+00 5.005410000000000359e+00 8.084039999999999893e+00
6.717120000000000424e+00 3.981240000000000112e+00 7.422799999999999621e+00
8.105140000000000455e+00 4.632810000000000095e+00 5.549619999999999997e+00
7.217679999999999652e+00 6.665479999999999627e+00 3.915960000000000107e+00
5.540879999999999583e+00 7.078299999999999592e+00 5.330869999999999997e+00
4.716210000000000235e+00 6.630589999999999762e+00 6.458339999999999748e+00
5.179020000000000401e+00 5.517870000000000275e+00 7.196720000000000006e+00
6.379900000000000126e+00 4.959990000000000343e+00 6.761829999999999785e+00
7.156069999999999709e+00 5.298580000000000290e+00 5.686550000000000438e+00
6.715650000000000119e+00 6.396770000000000067e+00 4.909570000000000434e+00
5.144339999999999691e+00 8.019600000000000506e+00 4.861259999999999692e+00
3.894200000000000106e+00 7.259129999999999860e+00 6.816670000000000229e+00
4.680939999999999657e+00 5.015930000000000000e+00 8.072810000000000485e+00
6.711269999999999847e+00 3.980399999999999938e+00 7.410969999999999835e+00
8.105800000000000338e+00 4.645660000000000345e+00 5.538490000000000357e+00
7.208980000000000388e+00 6.647039999999999615e+00 3.927189999999999959e+00
5.537099999999999689e+00 7.065129999999999910e+00 5.321720000000000006e+00
4.715099999999999625e+00 6.616950000000000109e+00 6.447420000000000151e+00
5.163219999999999921e+00 5.503639999999999866e+00 7.188959999999999795e+00
6.370589999999999975e+00 4.945159999999999556e+00 6.751979999999999649e+00
7.157350000000000101e+00 5.295899999999999608e+00 5.682380000000000209e+00
6.720270000000000188e+00 6.388029999999999653e+00 4.903579999999999828e+00
5.141530000000000378e+00 8.007239999999999469e+00 4.868000000000000327e+00
3.897489999999999899e+00 7.224120000000000097e+00 6.797810000000000130e+00
4.654580000000000162e+00 5.026659999999999684e+00 8.053710000000000591e+00
6.708800000000000097e+00 3.992760000000000087e+00 7.383539999999999992e+00
8.102510000000000545e+00 4.662770000000000081e+00 5.523810000000000109e+00
7.205219999999999736e+00 6.623569999999999958e+00 3.946289999999999853e+00
5.542229999999999990e+00 7.045930000000000248e+00 5.314689999999999692e+00
4.725690000000000168e+00 6.597319999999999851e+00 6.437039999999999651e+00
5.157300000000000217e+00 5.483900000000000219e+00 7.181639999999999802e+00
6.371290000000000120e+00 4.921549999999999869e+00 6.745659999999999989e+00
7.168859999999999566e+00 5.286999999999999922e+00 5.678580000000000183e+00
6.733869999999999578e+00 6.373459999999999681e+00 4.899000000000000021e+00
5.153139999999999610e+00 7.984490000000000087e+00 4.872670000000000279e+00
3.901349999999999874e+00 7.186969999999999636e+00 6.779420000000000002e+00
4.636790000000000411e+00 5.036200000000000010e+00 8.032130000000000436e+00
6.711570000000000036e+00 4.015509999999999913e+00 7.345500000000000362e+00
8.098649999999999238e+00 4.683150000000000368e+00 5.508049999999999891e+00
7.211249999999999716e+00 6.598930000000000184e+00 3.967870000000000008e+00
5.554730000000000167e+00 7.024029999999999774e+00 5.311810000000000365e+00
4.746190000000000353e+00 6.575090000000000323e+00 6.429120000000000168e+00
5.159919999999999618e+00 5.462209999999999788e+00 7.176309999999999967e+00
6.380010000000000403e+00 4.893519999999999648e+00 6.744309999999999583e+00
7.188189999999999635e+00 5.275570000000000093e+00 5.677380000000000315e+00
6.754159999999999719e+00 6.356489999999999974e+00 4.898500000000000298e+00
5.176309999999999967e+00 7.957180000000000142e+00 4.875770000000000159e+00
3.902099999999999902e+00 7.152999999999999581e+00 6.764000000000000234e+00
4.624019999999999797e+00 5.044830000000000148e+00 8.014369999999999550e+00
6.720469999999999722e+00 4.042819999999999858e+00 7.305290000000000283e+00
8.097899999999999210e+00 4.705849999999999866e+00 5.493120000000000225e+00
7.229619999999999713e+00 6.578999999999999737e+00 3.985630000000000006e+00
5.569849999999999746e+00 7.005700000000000038e+00 5.313970000000000304e+00
4.771180000000000199e+00 6.556869999999999976e+00 6.424680000000000391e+00
5.166509999999999714e+00 5.445020000000000415e+00 7.173560000000000159e+00
6.391350000000000087e+00 4.868940000000000268e+00 6.747869999999999813e+00
7.209459999999999980e+00 5.268369999999999997e+00 5.680039999999999978e+00
6.775739999999999874e+00 6.343560000000000088e+00 4.903489999999999682e+00
5.204620000000000246e+00 7.934420000000000250e+00 4.876859999999999751e+00
3.896720000000000184e+00 7.127769999999999939e+00 6.751619999999999955e+00
4.609729999999999883e+00 5.056140000000000079e+00 8.005179999999999296e+00
6.735789999999999722e+00 4.065579999999999750e+00 7.274479999999999613e+00
8.103279999999999816e+00 4.731309999999999683e+00 5.479400000000000048e+00
7.258280000000000065e+00 6.571909999999999918e+00 3.994819999999999816e+00
5.581330000000000346e+00 6.998669999999999725e+00 5.320129999999999804e+00
4.793409999999999727e+00 6.550839999999999996e+00 6.422970000000000290e+00
5.170869999999999855e+00 5.440050000000000274e+00 7.172360000000000291e+00
6.398299999999999876e+00 4.857269999999999754e+00 6.754279999999999617e+00
7.225270000000000081e+00 5.273450000000000415e+00 5.686009999999999565e+00
6.791960000000000441e+00 6.342620000000000147e+00 4.913000000000000256e+00
5.230229999999999713e+00 7.926079999999999792e+00 4.874229999999999841e+00
3.883719999999999839e+00 7.116340000000000110e+00 6.739659999999999762e+00
4.587189999999999657e+00 5.076290000000000191e+00 8.005150000000000432e+00
6.757690000000000197e+00 4.073920000000000208e+00 7.264129999999999754e+00
8.116279999999999717e+00 4.761490000000000222e+00 5.465259999999999785e+00
7.290499999999999758e+00 6.585519999999999818e+00 3.994850000000000012e+00
5.584670000000000023e+00 7.006490000000000329e+00 5.327729999999999855e+00
4.807269999999999932e+00 6.560760000000000147e+00 6.421850000000000058e+00
5.168330000000000091e+00 5.450450000000000017e+00 7.170659999999999812e+00
6.395999999999999908e+00 4.862700000000000244e+00 6.760640000000000427e+00
7.230459999999999887e+00 5.294170000000000265e+00 5.693200000000000038e+00
6.798239999999999839e+00 6.357330000000000148e+00 4.924140000000000406e+00
5.247539999999999871e+00 7.936119999999999841e+00 4.865820000000000256e+00
3.864349999999999952e+00 7.119089999999999918e+00 6.724289999999999878e+00
4.553630000000000067e+00 5.108500000000000263e+00 8.010320000000000107e+00
6.784189999999999721e+00 4.063880000000000159e+00 7.276939999999999742e+00
8.135650000000000048e+00 4.796840000000000437e+00 5.448629999999999640e+00
7.318010000000000126e+00 6.621540000000000425e+00 3.989679999999999893e+00
5.579259999999999664e+00 7.025240000000000151e+00 5.334120000000000417e+00
4.811250000000000249e+00 6.582709999999999617e+00 6.419209999999999638e+00
5.157989999999999853e+00 5.471750000000000114e+00 7.166649999999999743e+00
6.384220000000000006e+00 4.880349999999999966e+00 6.765049999999999564e+00
7.224540000000000184e+00 5.325940000000000119e+00 5.699399999999999800e+00
6.794150000000000134e+00 6.383840000000000181e+00 4.933880000000000265e+00
5.255480000000000373e+00 7.959120000000000417e+00 4.850609999999999644e+00
3.842760000000000176e+00 7.129629999999999690e+00 6.702390000000000292e+00
4.511739999999999640e+00 5.149269999999999570e+00 8.014620000000000744e+00
6.809599999999999653e+00 4.040879999999999583e+00 7.304420000000000357e+00
8.157239999999999824e+00 4.834299999999999820e+00 5.428989999999999760e+00
7.335250000000000270e+00 6.673189999999999955e+00 3.985380000000000145e+00
5.568019999999999747e+00 7.047649999999999970e+00 5.337469999999999715e+00
4.807529999999999859e+00 6.609110000000000262e+00 6.413780000000000037e+00
5.142400000000000304e+00 5.495989999999999931e+00 7.159480000000000288e+00
6.366609999999999658e+00 4.901180000000000092e+00 6.766910000000000203e+00
7.211030000000000051e+00 5.360439999999999650e+00 5.703159999999999563e+00
6.782799999999999940e+00 6.414729999999999599e+00 4.940190000000000303e+00
5.256840000000000401e+00 7.985019999999999563e+00 4.829369999999999941e+00
3.824500000000000011e+00 7.139450000000000074e+00 6.672749999999999737e+00
4.468219999999999636e+00 5.191620000000000346e+00 8.012520000000000309e+00
6.827460000000000306e+00 4.014980000000000437e+00 7.333580000000000432e+00
8.175499999999999545e+00 4.869950000000000223e+00 5.408120000000000260e+00
7.340799999999999770e+00 6.730070000000000441e+00 3.987480000000000135e+00
5.555220000000000269e+00 7.068290000000000184e+00 5.336940000000000239e+00
4.799999999999999822e+00 6.634050000000000225e+00 6.405210000000000292e+00
5.125469999999999970e+00 5.517190000000000261e+00 7.149160000000000181e+00
6.348080000000000389e+00 4.918230000000000324e+00 6.766449999999999854e+00
7.194880000000000386e+00 5.391269999999999563e+00 5.703960000000000363e+00
6.768620000000000303e+00 6.444350000000000023e+00 4.942339999999999733e+00
5.255849999999999689e+00 8.005440000000000111e+00 4.803969999999999629e+00
3.813930000000000042e+00 7.143239999999999590e+00 6.635869999999999713e+00
4.430189999999999628e+00 5.230039999999999800e+00 8.000629999999999242e+00
6.834290000000000198e+00 3.994559999999999889e+00 7.354610000000000092e+00
8.186070000000000846e+00 4.901849999999999596e+00 5.388729999999999798e+00
7.336470000000000269e+00 6.784360000000000390e+00 3.999369999999999870e+00
5.545230000000000103e+00 7.084329999999999572e+00 5.332440000000000069e+00
4.792860000000000120e+00 6.654090000000000060e+00 6.393839999999999968e+00
5.111340000000000217e+00 5.532079999999999664e+00 7.136169999999999902e+00
6.333330000000000126e+00 4.927719999999999878e+00 6.764230000000000409e+00
7.180930000000000035e+00 5.414819999999999744e+00 5.702020000000000088e+00
6.756079999999999863e+00 6.469500000000000028e+00 4.940590000000000259e+00
5.256560000000000343e+00 8.015430000000000277e+00 4.776659999999999684e+00
3.812910000000000021e+00 7.139549999999999841e+00 6.593580000000000219e+00
4.403480000000000061e+00 5.260950000000000237e+00 7.978110000000000035e+00
6.829819999999999780e+00 3.984570000000000167e+00 7.362250000000000405e+00
8.187089999999999534e+00 4.929420000000000357e+00 5.373529999999999696e+00
7.326080000000000148e+00 6.831660000000000288e+00 4.021889999999999965e+00
5.542049999999999699e+00 7.094439999999999635e+00 5.324600000000000222e+00
4.790259999999999962e+00 6.667309999999999626e+00 6.380589999999999762e+00
5.103970000000000340e+00 5.539189999999999614e+00 7.121480000000000032e+00
6.326520000000000366e+00 4.927999999999999936e+00 6.761149999999999771e+00
7.173429999999999751e+00 5.429350000000000342e+00 5.698170000000000179e+00
6.749200000000000088e+00 6.488480000000000025e+00 4.936110000000000220e+00
5.262279999999999625e+00 8.013040000000000163e+00 4.749710000000000321e+00
3.820390000000000175e+00 7.129819999999999602e+00 6.548980000000000246e+00
4.391919999999999824e+00 5.281799999999999606e+00 7.946839999999999904e+00
6.816169999999999618e+00 3.986959999999999837e+00 7.354960000000000164e+00
8.179610000000000269e+00 4.952110000000000234e+00 5.364720000000000155e+00
7.315210000000000434e+00 6.870120000000000005e+00 4.053160000000000096e+00
5.548709999999999809e+00 7.098440000000000083e+00 5.314720000000000333e+00
4.795639999999999681e+00 6.672970000000000290e+00 6.366859999999999964e+00
5.106519999999999726e+00 5.538400000000000212e+00 7.106300000000000061e+00
6.330630000000000202e+00 4.919010000000000105e+00 6.758429999999999715e+00
7.175379999999999647e+00 5.434590000000000032e+00 5.693839999999999790e+00
6.751030000000000086e+00 6.500619999999999621e+00 4.930850000000000399e+00
5.275059999999999860e+00 7.999080000000000190e+00 4.724929999999999630e+00
3.832860000000000156e+00 7.117079999999999629e+00 6.505670000000000286e+00
4.396550000000000402e+00 5.290820000000000078e+00 7.911170000000000258e+00
6.796929999999999694e+00 4.000919999999999810e+00 7.334380000000000344e+00
8.167139999999999844e+00 4.969140000000000335e+00 5.363769999999999705e+00
7.310609999999999609e+00 6.900369999999999671e+00 4.088829999999999742e+00
5.566139999999999866e+00 7.097439999999999749e+00 5.304509999999999614e+00
4.810380000000000322e+00 6.671829999999999927e+00 6.354280000000000150e+00
5.120199999999999640e+00 5.531109999999999971e+00 7.091980000000000395e+00
6.346379999999999910e+00 4.902569999999999872e+00 6.757240000000000357e+00
7.187450000000000117e+00 5.431910000000000238e+00 5.690719999999999779e+00
6.762489999999999668e+00 6.506569999999999965e+00 4.927159999999999762e+00
5.294649999999999856e+00 7.977159999999999584e+00 4.703470000000000262e+00
3.845509999999999984e+00 7.105190000000000339e+00 6.467100000000000293e+00
4.414880000000000138e+00 5.287460000000000271e+00 7.877130000000000187e+00
6.776030000000000442e+00 4.022840000000000416e+00 7.305299999999999905e+00
8.154489999999999128e+00 4.979700000000000237e+00 5.371089999999999698e+00
7.318410000000000082e+00 6.925600000000000200e+00 4.122869999999999813e+00
5.591649999999999565e+00 7.095040000000000013e+00 5.295300000000000118e+00
4.832139999999999880e+00 6.667399999999999771e+00 6.344020000000000437e+00
5.142780000000000129e+00 5.521279999999999966e+00 7.079299999999999926e+00
6.370709999999999873e+00 4.883530000000000371e+00 6.758000000000000007e+00
7.206550000000000011e+00 5.425399999999999778e+00 5.690109999999999779e+00
6.781069999999999709e+00 6.509500000000000064e+00 4.926840000000000330e+00
5.317300000000000360e+00 7.954170000000000407e+00 4.685240000000000293e+00
3.853810000000000180e+00 7.098460000000000214e+00 6.435330000000000439e+00
4.440430000000000099e+00 5.273939999999999628e+00 7.850360000000000227e+00
6.756859999999999644e+00 4.045829999999999593e+00 7.275680000000000369e+00
8.146190000000000708e+00 4.984289999999999665e+00 5.385379999999999612e+00
7.341039999999999566e+00 6.951740000000000030e+00 4.149639999999999773e+00
5.619279999999999831e+00 7.097990000000000244e+00 5.287289999999999601e+00
4.854980000000000295e+00 6.666529999999999845e+00 6.335939999999999905e+00
5.168680000000000163e+00 5.515909999999999869e+00 7.067899999999999849e+00
6.397100000000000009e+00 4.870269999999999655e+00 6.759649999999999714e+00
7.226200000000000401e+00 5.422329999999999650e+00 5.692190000000000083e+00
6.801239999999999952e+00 6.515959999999999752e+00 4.930150000000000254e+00
5.336289999999999978e+00 7.939879999999999605e+00 4.668610000000000149e+00
3.854750000000000121e+00 7.102070000000000327e+00 6.410330000000000084e+00
4.464629999999999654e+00 5.256140000000000256e+00 7.833580000000000432e+00
6.741810000000000080e+00 4.060120000000000395e+00 7.255709999999999660e+00
8.145250000000000767e+00 4.985839999999999606e+00 5.403430000000000177e+00
7.375189999999999912e+00 6.986550000000000260e+00 4.166419999999999568e+00
5.641409999999999592e+00 7.113540000000000418e+00 5.279650000000000176e+00
4.871299999999999741e+00 6.676730000000000054e+00 6.328909999999999592e+00
5.190570000000000128e+00 5.522470000000000212e+00 7.056720000000000326e+00
6.417620000000000324e+00 4.871839999999999726e+00 6.759999999999999787e+00
7.238669999999999938e+00 5.430439999999999934e+00 5.695940000000000225e+00
6.816430000000000433e+00 6.533089999999999620e+00 4.935660000000000380e+00
5.344109999999999694e+00 7.943699999999999761e+00 4.651679999999999815e+00
3.847539999999999960e+00 7.120169999999999888e+00 6.391079999999999650e+00
4.480000000000000426e+00 5.241939999999999600e+00 7.825669999999999682e+00
6.731639999999999624e+00 4.056300000000000239e+00 7.254380000000000273e+00
8.152459999999999596e+00 4.988430000000000142e+00 5.420849999999999724e+00
7.412139999999999951e+00 7.034799999999999720e+00 4.174330000000000318e+00
5.653279999999999639e+00 7.143049999999999677e+00 5.271320000000000228e+00
4.876400000000000290e+00 6.699499999999999567e+00 6.321530000000000094e+00
5.203769999999999563e+00 5.542259999999999742e+00 7.044730000000000381e+00
6.427769999999999762e+00 4.889899999999999913e+00 6.757509999999999906e+00
7.239659999999999762e+00 5.451170000000000293e+00 5.700040000000000440e+00
6.823109999999999786e+00 6.562339999999999840e+00 4.941530000000000200e+00
5.336969999999999992e+00 7.967089999999999783e+00 4.633339999999999570e+00
3.834410000000000096e+00 7.150769999999999627e+00 6.376190000000000246e+00
4.484519999999999840e+00 5.234289999999999665e+00 7.822230000000000238e+00
6.723239999999999661e+00 4.032910000000000217e+00 7.271550000000000402e+00
8.165589999999999904e+00 4.993009999999999948e+00 5.434829999999999828e+00
7.443450000000000344e+00 7.093420000000000059e+00 4.177769999999999762e+00
5.654469999999999885e+00 7.180109999999999992e+00 5.261840000000000295e+00
4.870149999999999757e+00 6.728469999999999729e+00 6.313060000000000116e+00
5.207790000000000141e+00 5.568730000000000402e+00 7.031769999999999854e+00
6.427970000000000184e+00 4.916769999999999641e+00 6.752259999999999707e+00
7.229919999999999902e+00 5.477850000000000108e+00 5.703630000000000422e+00
6.822110000000000340e+00 6.597349999999999604e+00 4.946539999999999715e+00
5.316410000000000302e+00 8.001989999999999270e+00 4.614329999999999821e+00
3.820289999999999964e+00 7.184809999999999697e+00 6.365039999999999587e+00
4.481860000000000177e+00 5.229400000000000048e+00 7.818080000000000140e+00
6.711669999999999803e+00 3.998009999999999842e+00 7.297290000000000276e+00
8.179710000000000036e+00 4.996269999999999989e+00 5.445109999999999673e+00
7.464529999999999887e+00 7.151110000000000078e+00 4.181919999999999860e+00
5.647890000000000299e+00 7.216510000000000424e+00 5.251430000000000042e+00
4.855940000000000367e+00 6.755399999999999849e+00 6.303530000000000300e+00
5.205409999999999648e+00 5.593460000000000321e+00 7.018349999999999866e+00
6.421960000000000335e+00 4.942499999999999893e+00 6.745379999999999932e+00
7.213809999999999611e+00 5.501870000000000260e+00 5.706500000000000128e+00
6.817239999999999966e+00 6.629990000000000272e+00 4.950400000000000134e+00
5.287709999999999688e+00 8.037649999999999295e+00 4.596619999999999706e+00
3.810579999999999856e+00 7.212559999999999860e+00 6.357709999999999972e+00
4.478530000000000122e+00 5.221700000000000230e+00 7.809099999999999930e+00
6.694490000000000052e+00 3.962349999999999817e+00 7.319869999999999877e+00
8.189420000000000144e+00 4.995020000000000238e+00 5.453129999999999811e+00
7.475410000000000110e+00 7.196100000000000385e+00 4.190900000000000070e+00
5.637769999999999726e+00 7.246529999999999916e+00 5.240750000000000242e+00
4.838519999999999932e+00 6.774479999999999613e+00 6.293359999999999843e+00
5.200719999999999565e+00 5.610629999999999562e+00 7.005289999999999573e+00
6.414390000000000036e+00 4.960069999999999979e+00 6.738190000000000346e+00
7.196780000000000399e+00 5.517210000000000392e+00 5.708859999999999602e+00
6.813170000000000393e+00 6.654620000000000424e+00 4.953529999999999767e+00
5.257419999999999760e+00 8.066000000000000725e+00 4.582480000000000331e+00
3.808910000000000018e+00 7.228110000000000035e+00 6.354729999999999990e+00
4.480760000000000076e+00 5.207810000000000272e+00 7.793090000000000295e+00
6.672830000000000261e+00 3.934000000000000163e+00 7.331400000000000361e+00
8.191090000000000870e+00 4.988400000000000389e+00 5.460539999999999949e+00
7.479079999999999728e+00 7.220950000000000202e+00 4.206909999999999705e+00
5.628580000000000361e+00 7.266840000000000188e+00 5.230769999999999698e+00
4.822980000000000267e+00 6.782469999999999999e+00 6.283330000000000304e+00
5.197969999999999757e+00 5.617160000000000153e+00 6.993570000000000064e+00
6.409699999999999953e+00 4.965720000000000134e+00 6.732009999999999827e+00
7.184160000000000323e+00 5.520710000000000228e+00 5.711170000000000080e+00
6.814169999999999838e+00 6.668169999999999931e+00 4.956800000000000317e+00
5.231980000000000075e+00 8.082399999999999807e+00 4.573769999999999669e+00
3.816089999999999982e+00 7.229560000000000208e+00 6.356930000000000192e+00
4.492899999999999672e+00 5.186530000000000307e+00 7.770129999999999981e+00
6.650199999999999889e+00 3.917600000000000193e+00 7.328269999999999840e+00
8.183909999999999130e+00 4.976950000000000429e+00 5.468390000000000306e+00
7.480480000000000018e+00 7.222769999999999690e+00 4.229870000000000019e+00
5.624419999999999753e+00 7.275949999999999918e+00 5.222599999999999909e+00
4.814009999999999678e+00 6.778050000000000352e+00 6.274309999999999832e+00
5.200990000000000002e+00 5.611970000000000347e+00 6.984079999999999622e+00
6.411620000000000097e+00 4.958059999999999690e+00 6.727999999999999758e+00
7.180299999999999905e+00 5.511370000000000324e+00 5.714070000000000427e+00
6.823599999999999888e+00 6.669430000000000192e+00 4.961400000000000254e+00
5.216599999999999682e+00 8.085340000000000416e+00 4.571509999999999962e+00
3.830010000000000137e+00 7.218040000000000234e+00 6.365280000000000271e+00
4.516810000000000436e+00 5.157600000000000406e+00 7.742519999999999847e+00
6.630930000000000213e+00 3.914660000000000029e+00 7.310179999999999900e+00
8.169990000000000308e+00 4.961350000000000371e+00 5.477199999999999847e+00
7.486040000000000028e+00 7.202580000000000204e+00 4.257480000000000153e+00
5.628110000000000390e+00 7.273889999999999745e+00 5.217419999999999725e+00
4.814829999999999721e+00 6.761459999999999582e+00 6.267199999999999882e+00
5.212439999999999962e+00 5.595690000000000275e+00 6.977540000000000298e+00
6.422380000000000422e+00 4.937689999999999912e+00 6.727149999999999963e+00
7.187780000000000058e+00 5.489950000000000330e+00 5.718379999999999797e+00
6.843140000000000001e+00 6.658739999999999881e+00 4.968829999999999636e+00
5.214240000000000208e+00 8.076159999999999783e+00 4.575719999999999565e+00
3.846540000000000070e+00 7.196760000000000268e+00 6.380899999999999572e+00
4.551319999999999588e+00 5.121100000000000207e+00 7.714369999999999727e+00
6.618820000000000370e+00 3.923840000000000217e+00 7.279600000000000293e+00
8.153460000000000818e+00 4.941860000000000142e+00 5.487000000000000099e+00
7.502690000000000303e+00 7.164729999999999599e+00 4.285630000000000273e+00
5.640010000000000190e+00 7.262609999999999566e+00 5.216149999999999842e+00
4.825809999999999711e+00 6.734810000000000407e+00 6.262660000000000338e+00
5.232569999999999943e+00 5.570719999999999672e+00 6.974289999999999878e+00
6.441629999999999967e+00 4.907370000000000232e+00 6.729960000000000164e+00
7.206269999999999953e+00 5.459050000000000402e+00 5.724879999999999747e+00
6.871970000000000134e+00 6.638239999999999696e+00 4.980570000000000164e+00
5.224470000000000169e+00 8.059029999999999916e+00 4.585600000000000342e+00
3.861169999999999991e+00 7.169789999999999885e+00 6.404759999999999565e+00
4.592089999999999783e+00 5.077630000000000088e+00 7.690319999999999823e+00
6.615680000000000227e+00 3.940970000000000084e+00 7.241240000000000343e+00
8.138830000000000453e+00 4.918540000000000134e+00 5.497200000000000308e+00
7.535739999999999661e+00 7.115809999999999746e+00 4.309680000000000177e+00
5.656570000000000320e+00 7.247600000000000264e+00 5.219050000000000189e+00
4.843040000000000234e+00 6.704270000000000174e+00 6.260790000000000077e+00
5.257539999999999658e+00 5.543339999999999712e+00 6.974039999999999573e+00
6.464870000000000339e+00 4.874460000000000015e+00 6.735809999999999853e+00
7.231080000000000396e+00 5.425399999999999778e+00 5.733579999999999899e+00
6.905059999999999754e+00 6.613900000000000112e+00 4.996970000000000134e+00
5.242609999999999992e+00 8.042199999999999349e+00 4.599140000000000228e+00
3.869650000000000034e+00 7.143309999999999604e+00 6.436049999999999827e+00
4.630150000000000432e+00 5.031859999999999999e+00 7.674909999999999677e+00
6.620779999999999887e+00 3.957800000000000207e+00 7.203669999999999796e+00
8.130349999999999966e+00 4.893489999999999895e+00 5.505650000000000155e+00
7.584670000000000023e+00 7.065809999999999924e+00 4.325090000000000323e+00
5.671240000000000059e+00 7.238120000000000331e+00 5.225100000000000300e+00
4.859149999999999636e+00 6.679879999999999818e+00 6.260539999999999772e+00
5.280420000000000336e+00 5.523360000000000269e+00 6.975439999999999863e+00
6.484659999999999869e+00 4.850530000000000008e+00 6.742549999999999599e+00
7.254330000000000389e+00 5.399399999999999977e+00 5.743400000000000283e+00
6.934879999999999711e+00 6.595589999999999620e+00 5.016779999999999795e+00
5.260979999999999990e+00 8.037160000000000082e+00 4.613439999999999763e+00
3.869520000000000071e+00 7.125140000000000029e+00 6.471820000000000128e+00
4.655529999999999724e+00 4.992919999999999803e+00 7.669439999999999813e+00
6.631000000000000227e+00 3.962839999999999918e+00 7.177340000000000053e+00
8.130480000000000373e+00 4.871439999999999770e+00 5.508820000000000050e+00
7.641680000000000028e+00 7.025529999999999831e+00 4.330560000000000187e+00
5.677789999999999893e+00 7.242440000000000211e+00 5.232389999999999652e+00
4.866959999999999731e+00 6.670600000000000307e+00 6.260180000000000078e+00
5.294439999999999813e+00 5.519219999999999793e+00 6.976630000000000109e+00
6.494100000000000428e+00 4.845609999999999751e+00 6.747469999999999857e+00
7.268769999999999953e+00 5.390130000000000088e+00 5.752480000000000260e+00
6.954710000000000392e+00 6.592220000000000191e+00 5.037550000000000416e+00
5.272730000000000139e+00 8.052920000000000300e+00 4.625829999999999664e+00
3.860889999999999933e+00 7.121069999999999567e+00 6.507609999999999673e+00
4.661579999999999835e+00 4.970600000000000129e+00 7.671479999999999855e+00
6.642420000000000435e+00 3.947080000000000144e+00 7.169450000000000323e+00
8.139110000000000511e+00 4.857350000000000279e+00 5.503250000000000419e+00
7.694670000000000343e+00 7.002060000000000173e+00 4.328520000000000145e+00
5.673809999999999576e+00 7.260040000000000049e+00 5.239209999999999923e+00
4.863310000000000244e+00 6.676249999999999574e+00 6.258259999999999934e+00
5.296619999999999884e+00 5.530160000000000409e+00 6.976250000000000284e+00
6.490660000000000096e+00 4.858900000000000219e+00 6.749039999999999928e+00
7.271709999999999674e+00 5.397170000000000023e+00 5.759149999999999991e+00
6.962229999999999919e+00 6.603699999999999903e+00 5.057059999999999889e+00
5.275629999999999598e+00 8.087889999999999802e+00 4.635279999999999845e+00
3.846960000000000157e+00 7.128230000000000288e+00 6.539360000000000284e+00
4.648310000000000386e+00 4.967010000000000147e+00 7.676339999999999719e+00
6.651460000000000150e+00 3.912110000000000198e+00 7.177279999999999660e+00
8.153040000000000731e+00 4.850929999999999964e+00 5.487729999999999997e+00
7.733810000000000073e+00 6.992510000000000225e+00 4.323660000000000281e+00
5.660989999999999966e+00 7.282639999999999780e+00 5.244510000000000005e+00
4.849350000000000271e+00 6.688690000000000246e+00 6.254039999999999822e+00
5.288000000000000256e+00 5.547500000000000320e+00 6.973740000000000272e+00
6.476300000000000168e+00 4.880219999999999558e+00 6.747150000000000425e+00
7.265189999999999593e+00 5.411889999999999645e+00 5.762279999999999625e+00
6.959259999999999557e+00 6.621970000000000134e+00 5.073830000000000062e+00
5.272170000000000023e+00 8.131289999999999907e+00 4.642369999999999663e+00
3.832990000000000119e+00 7.136860000000000426e+00 6.564009999999999678e+00
4.620969999999999800e+00 4.976919999999999789e+00 7.679280000000000328e+00
6.655759999999999899e+00 3.868710000000000093e+00 7.191089999999999982e+00
8.167009999999999437e+00 4.847710000000000186e+00 5.463840000000000252e+00
7.754050000000000331e+00 6.987000000000000099e+00 4.320719999999999672e+00
5.643620000000000303e+00 7.301400000000000112e+00 5.247919999999999696e+00
4.829180000000000028e+00 6.699099999999999611e+00 6.247460000000000235e+00
5.272310000000000052e+00 5.562059999999999782e+00 6.969229999999999592e+00
6.455750000000000099e+00 4.898620000000000196e+00 6.742449999999999832e+00
7.254030000000000200e+00 5.424920000000000186e+00 5.761449999999999960e+00
6.950099999999999945e+00 6.638250000000000206e+00 5.087159999999999904e+00
5.267439999999999678e+00 8.171049999999999258e+00 4.648699999999999832e+00
3.824059999999999793e+00 7.137929999999999886e+00 6.579790000000000028e+00
4.587439999999999962e+00 4.993699999999999584e+00 7.676940000000000097e+00
6.655050000000000132e+00 3.828949999999999854e+00 7.201529999999999987e+00
8.175940000000000651e+00 4.844109999999999694e+00 5.435270000000000046e+00
7.755180000000000184e+00 6.976600000000000357e+00 4.323059999999999903e+00
5.626509999999999678e+00 7.310990000000000322e+00 5.249579999999999913e+00
4.807649999999999757e+00 6.702060000000000350e+00 6.238940000000000374e+00
5.253960000000000186e+00 5.568240000000000300e+00 6.963199999999999612e+00
6.434210000000000207e+00 4.907309999999999839e+00 6.735719999999999708e+00
7.243369999999999642e+00 5.430410000000000181e+00 5.756800000000000139e+00
6.939440000000000275e+00 6.647120000000000140e+00 5.097010000000000041e+00
5.266700000000000159e+00 8.198919999999999320e+00 4.655969999999999942e+00
3.823069999999999968e+00 7.127180000000000071e+00 6.586319999999999730e+00
4.555089999999999861e+00 5.012819999999999609e+00 7.667939999999999756e+00
6.650710000000000122e+00 3.801079999999999792e+00 7.203269999999999840e+00
8.176930000000000476e+00 4.839089999999999669e+00 5.406060000000000088e+00
7.740249999999999631e+00 6.957150000000000389e+00 4.332060000000000244e+00
5.613990000000000258e+00 7.309269999999999712e+00 5.250169999999999781e+00
4.789340000000000153e+00 6.695190000000000197e+00 6.229110000000000369e+00
5.237090000000000245e+00 5.563799999999999635e+00 6.956330000000000346e+00
6.416249999999999787e+00 4.903410000000000046e+00 6.727829999999999977e+00
7.237589999999999968e+00 5.425860000000000127e+00 5.749069999999999681e+00
6.931400000000000006e+00 6.646270000000000344e+00 5.104140000000000121e+00
5.274309999999999832e+00 8.211159999999999570e+00 4.665700000000000180e+00
3.829870000000000108e+00 7.104569999999999830e+00 6.584900000000000198e+00
4.529080000000000439e+00 5.031419999999999781e+00 7.653050000000000352e+00
6.645150000000000112e+00 3.788839999999999986e+00 7.194720000000000226e+00
8.170130000000000337e+00 4.832760000000000389e+00 5.379400000000000404e+00
7.714970000000000105e+00 6.928399999999999892e+00 4.346949999999999648e+00
5.609980000000000189e+00 7.295880000000000365e+00 5.250899999999999679e+00
4.778649999999999842e+00 6.677950000000000053e+00 6.219129999999999825e+00
5.225660000000000416e+00 5.548460000000000392e+00 6.949679999999999858e+00
6.405999999999999694e+00 4.886400000000000077e+00 6.719940000000000246e+00
7.240260000000000140e+00 5.410739999999999661e+00 5.739700000000000024e+00
6.929429999999999978e+00 6.635150000000000325e+00 5.109899999999999665e+00
5.293420000000000236e+00 8.206929999999999836e+00 4.678919999999999746e+00
3.841660000000000075e+00 7.073030000000000150e+00 6.578280000000000349e+00
4.512660000000000338e+00 5.046780000000000044e+00 7.635399999999999743e+00
6.641189999999999927e+00 3.793070000000000164e+00 7.176940000000000097e+00
8.158340000000000813e+00 4.825210000000000221e+00 5.358120000000000438e+00
7.687579999999999636e+00 6.893040000000000056e+00 4.364600000000000257e+00
5.616920000000000357e+00 7.271980000000000111e+00 5.253459999999999575e+00
4.778520000000000323e+00 6.651329999999999742e+00 6.210469999999999935e+00
5.222360000000000113e+00 5.523579999999999934e+00 6.944510000000000183e+00
6.405929999999999680e+00 4.857800000000000118e+00 6.713429999999999787e+00
7.253169999999999895e+00 5.386289999999999800e+00 5.730660000000000309e+00
6.935380000000000322e+00 6.614709999999999646e+00 5.116290000000000227e+00
5.325249999999999595e+00 8.188390000000000057e+00 4.696259999999999657e+00
3.853899999999999881e+00 7.037069999999999936e+00 6.570059999999999789e+00
4.506000000000000227e+00 5.056750000000000078e+00 7.619889999999999830e+00
6.641250000000000320e+00 3.811609999999999943e+00 7.153249999999999886e+00
8.146100000000000563e+00 4.816150000000000375e+00 5.343890000000000029e+00
7.667150000000000354e+00 6.855669999999999931e+00 4.380110000000000170e+00
5.634369999999999656e+00 7.241109999999999935e+00 5.259380000000000166e+00
4.788850000000000051e+00 6.618859999999999744e+00 6.204530000000000101e+00
5.227249999999999730e+00 5.492980000000000196e+00 6.941910000000000025e+00
6.415540000000000020e+00 4.822110000000000340e+00 6.709360000000000213e+00
7.274969999999999715e+00 5.356309999999999683e+00 5.723910000000000053e+00
6.948310000000000208e+00 6.588309999999999889e+00 5.125169999999999781e+00
5.367740000000000400e+00 8.161239999999999384e+00 4.717469999999999608e+00
3.861679999999999779e+00 7.002550000000000274e+00 6.563119999999999621e+00
4.505709999999999660e+00 5.060970000000000191e+00 7.611959999999999837e+00
6.646309999999999718e+00 3.838760000000000172e+00 7.129299999999999748e+00
8.138320000000000221e+00 4.805679999999999730e+00 5.336820000000000341e+00
7.660379999999999967e+00 6.823109999999999786e+00 4.388040000000000163e+00
5.658269999999999911e+00 7.210040000000000227e+00 5.269090000000000273e+00
4.805480000000000196e+00 6.587430000000000341e+00 6.201719999999999899e+00
5.236720000000000041e+00 5.463630000000000209e+00 6.941849999999999632e+00
6.430480000000000196e+00 4.787670000000000314e+00 6.707390000000000185e+00
7.300559999999999938e+00 5.327960000000000029e+00 5.720329999999999693e+00
6.963960000000000150e+00 6.562630000000000408e+00 5.137019999999999698e+00
5.415300000000000225e+00 8.134850000000000136e+00 4.741089999999999804e+00
3.861299999999999955e+00 6.976420000000000066e+00 6.557509999999999728e+00
4.505340000000000344e+00 5.063109999999999999e+00 7.615059999999999718e+00
6.655610000000000248e+00 3.865149999999999864e+00 7.112549999999999706e+00
8.138700000000000045e+00 4.795670000000000321e+00 5.334389999999999965e+00
7.667229999999999990e+00 6.804000000000000270e+00 4.384940000000000282e+00
5.682109999999999772e+00 7.188080000000000247e+00 5.281279999999999752e+00
4.821410000000000196e+00 6.566530000000000200e+00 6.200800000000000090e+00
5.244489999999999874e+00 5.444790000000000241e+00 6.942779999999999951e+00
6.443769999999999776e+00 4.765629999999999811e+00 6.705280000000000129e+00
7.322499999999999787e+00 5.310870000000000424e+00 5.719009999999999927e+00
6.976160000000000139e+00 6.546979999999999578e+00 5.150269999999999904e+00
5.460429999999999673e+00 8.120680000000000121e+00 4.764400000000000190e+00
3.851309999999999789e+00 6.966020000000000323e+00 6.550049999999999706e+00
4.498240000000000016e+00 5.071080000000000254e+00 7.628589999999999982e+00
6.667480000000000295e+00 3.879319999999999879e+00 7.110829999999999984e+00
8.148690000000000211e+00 4.790339999999999598e+00 5.331909999999999705e+00
7.679809999999999803e+00 6.807240000000000180e+00 4.371410000000000018e+00
5.699919999999999654e+00 7.181849999999999845e+00 5.293580000000000396e+00
4.830140000000000100e+00 6.562859999999999694e+00 6.199659999999999727e+00
5.244749999999999801e+00 5.442779999999999951e+00 6.942459999999999631e+00
6.449259999999999771e+00 4.763740000000000308e+00 6.700160000000000338e+00
7.334419999999999717e+00 5.311619999999999564e+00 5.717929999999999957e+00
6.979820000000000135e+00 6.547970000000000290e+00 5.161909999999999776e+00
5.496509999999999785e+00 8.126039999999999708e+00 4.784410000000000274e+00
3.833009999999999806e+00 6.974990000000000023e+00 6.536249999999999893e+00
4.481370000000000076e+00 5.091400000000000148e+00 7.648270000000000124e+00
6.679610000000000269e+00 3.873959999999999848e+00 7.128210000000000157e+00
8.166990000000000194e+00 4.793289999999999829e+00 5.325179999999999580e+00
7.687109999999999665e+00 6.836940000000000239e+00 4.351729999999999876e+00
5.709159999999999791e+00 7.189070000000000071e+00 5.303799999999999848e+00
4.828789999999999694e+00 6.574010000000000353e+00 6.196460000000000079e+00
5.235089999999999577e+00 5.454780000000000406e+00 6.939140000000000086e+00
6.444729999999999848e+00 4.778830000000000133e+00 6.690330000000000332e+00
7.334130000000000038e+00 5.327340000000000408e+00 5.715049999999999741e+00
6.973519999999999719e+00 6.563119999999999621e+00 5.169139999999999624e+00
5.520830000000000126e+00 8.147410000000000707e+00 4.799310000000000187e+00
3.810690000000000133e+00 6.997950000000000337e+00 6.512710000000000221e+00
4.457110000000000127e+00 5.122209999999999930e+00 7.668190000000000062e+00
6.688410000000000188e+00 3.852590000000000181e+00 7.159720000000000084e+00
8.189310000000000755e+00 4.803020000000000067e+00 5.313209999999999766e+00
7.681140000000000079e+00 6.886969999999999814e+00 4.331809999999999938e+00
5.710950000000000415e+00 7.201369999999999827e+00 5.310629999999999740e+00
4.818459999999999965e+00 6.591230000000000366e+00 6.190210000000000434e+00
5.216840000000000366e+00 5.471770000000000245e+00 6.932050000000000267e+00
6.432070000000000398e+00 4.800370000000000026e+00 6.675729999999999720e+00
7.323809999999999931e+00 5.348650000000000126e+00 5.709019999999999762e+00
6.959590000000000387e+00 6.583700000000000330e+00 5.170250000000000234e+00
5.534720000000000084e+00 8.173809999999999576e+00 4.808919999999999639e+00
3.790169999999999817e+00 7.024130000000000429e+00 6.478159999999999918e+00
4.431619999999999671e+00 5.155490000000000350e+00 7.683119999999999727e+00
6.690549999999999997e+00 3.826189999999999980e+00 7.194020000000000081e+00
8.209830000000000183e+00 4.814969999999999750e+00 5.298339999999999606e+00
7.659539999999999793e+00 6.944880000000000386e+00 4.316880000000000273e+00
5.708409999999999762e+00 7.211459999999999759e+00 5.313690000000000246e+00
4.802399999999999558e+00 6.606790000000000163e+00 6.180629999999999846e+00
5.193279999999999674e+00 5.485890000000000377e+00 6.921129999999999782e+00
6.414979999999999905e+00 4.819069999999999965e+00 6.657020000000000159e+00
7.307699999999999640e+00 5.367309999999999803e+00 5.699200000000000266e+00
6.942000000000000171e+00 6.602059999999999818e+00 5.164679999999999715e+00
5.541769999999999641e+00 8.195130000000000692e+00 4.814259999999999984e+00
3.776279999999999859e+00 7.044979999999999798e+00 6.432929999999999815e+00
4.411279999999999646e+00 5.184009999999999785e+00 7.689829999999999721e+00
6.685060000000000002e+00 3.804870000000000196e+00 7.220880000000000187e+00
8.223720000000000141e+00 4.826240000000000308e+00 5.283999999999999808e+00
7.624270000000000103e+00 7.000359999999999694e+00 4.310170000000000279e+00
5.705129999999999590e+00 7.215160000000000018e+00 5.313209999999999766e+00
4.784900000000000375e+00 6.615910000000000402e+00 6.168099999999999916e+00
5.168680000000000163e+00 5.492460000000000342e+00 6.906920000000000393e+00
6.397710000000000008e+00 4.829299999999999926e+00 6.635480000000000267e+00
7.290680000000000049e+00 5.378219999999999779e+00 5.685780000000000278e+00
6.925329999999999764e+00 6.613480000000000025e+00 5.152790000000000425e+00
5.545840000000000103e+00 8.204829999999999401e+00 4.816589999999999705e+00
3.771710000000000118e+00 7.056099999999999817e+00 6.379559999999999675e+00
4.401200000000000223e+00 5.202779999999999738e+00 7.687219999999999942e+00
6.673390000000000377e+00 3.795170000000000154e+00 7.233509999999999884e+00
8.228289999999999438e+00 4.835749999999999993e+00 5.273390000000000022e+00
7.580720000000000347e+00 7.046420000000000350e+00 4.312780000000000058e+00
5.704530000000000101e+00 7.210779999999999745e+00 5.309980000000000366e+00
4.769999999999999574e+00 6.616460000000000008e+00 6.153179999999999872e+00
5.146930000000000227e+00 5.489519999999999733e+00 6.890039999999999942e+00
6.383910000000000196e+00 4.828750000000000320e+00 6.612180000000000391e+00
7.276909999999999989e+00 5.379249999999999865e+00 5.669249999999999901e+00
6.913499999999999979e+00 6.615890000000000271e+00 5.135460000000000136e+00
5.550609999999999822e+00 8.200329999999999231e+00 4.817149999999999821e+00
3.776130000000000209e+00 7.057000000000000384e+00 6.320719999999999672e+00
4.403979999999999784e+00 5.209100000000000286e+00 7.676499999999999879e+00
6.658290000000000042e+00 3.799669999999999881e+00 7.229149999999999743e+00
8.223869999999999791e+00 4.843280000000000030e+00 5.268399999999999750e+00
7.535590000000000011e+00 7.080669999999999575e+00 4.323500000000000121e+00
5.709620000000000140e+00 7.197910000000000252e+00 5.305320000000000036e+00
4.761630000000000251e+00 6.607579999999999565e+00 6.136989999999999945e+00
5.131750000000000256e+00 5.476619999999999600e+00 6.871489999999999654e+00
6.376759999999999984e+00 4.816869999999999763e+00 6.588589999999999947e+00
7.269910000000000316e+00 5.369830000000000325e+00 5.650809999999999889e+00
6.909819999999999851e+00 6.608480000000000132e+00 5.114440000000000097e+00
5.559029999999999916e+00 8.181829999999999714e+00 4.816980000000000040e+00
3.786599999999999966e+00 7.049540000000000362e+00 6.260169999999999568e+00
4.419850000000000279e+00 5.201089999999999769e+00 7.661170000000000258e+00
6.643259999999999721e+00 3.818169999999999842e+00 7.207900000000000418e+00
8.213400000000000034e+00 4.848090000000000011e+00 5.269989999999999952e+00
7.497469999999999857e+00 7.103320000000000078e+00 4.338829999999999742e+00
5.722000000000000419e+00 7.177430000000000199e+00 5.300989999999999647e+00
4.762380000000000280e+00 6.589859999999999829e+00 6.121190000000000353e+00
5.125740000000000407e+00 5.454790000000000028e+00 6.852739999999999831e+00
6.378040000000000376e+00 4.794929999999999914e+00 6.566580000000000084e+00
7.271600000000000286e+00 5.350999999999999979e+00 5.632299999999999862e+00
6.916039999999999743e+00 6.591719999999999580e+00 5.092209999999999681e+00
5.572409999999999641e+00 8.152390000000000470e+00 4.816889999999999894e+00
3.798290000000000166e+00 7.037189999999999834e+00 6.202370000000000161e+00
4.446189999999999642e+00 5.178049999999999820e+00 7.646560000000000024e+00
6.631639999999999979e+00 3.847609999999999975e+00 7.172939999999999650e+00
8.201710000000000278e+00 4.848919999999999675e+00 5.278089999999999726e+00
7.475389999999999979e+00 7.117219999999999658e+00 4.353439999999999976e+00
5.740450000000000053e+00 7.152190000000000047e+00 5.298530000000000406e+00
4.771480000000000388e+00 6.566099999999999604e+00 6.107149999999999856e+00
5.128210000000000157e+00 5.427120000000000388e+00 6.834839999999999804e+00
6.386289999999999800e+00 4.766750000000000043e+00 6.547180000000000000e+00
7.280450000000000088e+00 5.326109999999999900e+00 5.615260000000000140e+00
6.930710000000000370e+00 6.568260000000000431e+00 5.070859999999999701e+00
5.589150000000000063e+00 8.117889999999999162e+00 4.817230000000000345e+00
3.806210000000000093e+00 7.024379999999999846e+00 6.149989999999999846e+00
4.477610000000000312e+00 5.141659999999999897e+00 7.637710000000000221e+00
6.625000000000000000e+00 3.882109999999999950e+00 7.130630000000000024e+00
8.193789999999999907e+00 4.845080000000000275e+00 5.291339999999999932e+00
7.474280000000000257e+00 7.128379999999999939e+00 4.362289999999999779e+00
5.760040000000000049e+00 7.128730000000000011e+00 5.298630000000000173e+00
4.783999999999999808e+00 6.543009999999999771e+00 6.095659999999999634e+00
5.134710000000000107e+00 5.400380000000000180e+00 6.818439999999999834e+00
6.396239999999999704e+00 4.740470000000000184e+00 6.530479999999999841e+00
7.291050000000000253e+00 5.302270000000000039e+00 5.600730000000000430e+00
6.948710000000000164e+00 6.544640000000000235e+00 5.051689999999999792e+00
5.603919999999999568e+00 8.087979999999999947e+00 4.817610000000000170e+00
3.806459999999999955e+00 7.016919999999999824e+00 6.105059999999999931e+00
4.506359999999999921e+00 5.098340000000000316e+00 7.637170000000000236e+00
6.623260000000000147e+00 3.912020000000000053e+00 7.091789999999999594e+00
8.193540000000000489e+00 4.838149999999999729e+00 5.306759999999999700e+00
7.492650000000000254e+00 7.144269999999999676e+00 4.362829999999999764e+00
5.774390000000000356e+00 7.115759999999999863e+00 5.300900000000000389e+00
4.792989999999999640e+00 6.529630000000000045e+00 6.086430000000000007e+00
5.138819999999999943e+00 5.383329999999999949e+00 6.803379999999999761e+00
6.400920000000000165e+00 4.726659999999999862e+00 6.515130000000000088e+00
7.296400000000000219e+00 5.288689999999999891e+00 5.588560000000000194e+00
6.963569999999999816e+00 6.529950000000000365e+00 5.034440000000000026e+00
5.610140000000000349e+00 8.073270000000000834e+00 4.817269999999999719e+00
3.797660000000000036e+00 7.020859999999999879e+00 6.067929999999999602e+00
4.525879999999999903e+00 5.057940000000000325e+00 7.643250000000000099e+00
6.625569999999999737e+00 3.926730000000000054e+00 7.068939999999999557e+00
8.202339999999999520e+00 4.832639999999999603e+00 5.321139999999999759e+00
7.522730000000000139e+00 7.171210000000000306e+00 4.356749999999999901e+00
5.779200000000000337e+00 7.118680000000000341e+00 5.304619999999999891e+00
4.793350000000000222e+00 6.531609999999999694e+00 6.078920000000000101e+00
5.135819999999999830e+00 5.381140000000000256e+00 6.789430000000000298e+00
6.395539999999999559e+00 4.731609999999999872e+00 6.499920000000000364e+00
7.291960000000000441e+00 5.290860000000000340e+00 5.578190000000000204e+00
6.970939999999999692e+00 6.530129999999999768e+00 5.018290000000000362e+00
5.603659999999999641e+00 8.079060000000000130e+00 4.816080000000000361e+00
3.781750000000000167e+00 7.038190000000000168e+00 6.038630000000000386e+00
4.533750000000000391e+00 5.027989999999999959e+00 7.651320000000000121e+00
6.630690000000000417e+00 3.920939999999999870e+00 7.068929999999999936e+00
8.218249999999999389e+00 4.832480000000000331e+00 5.332970000000000432e+00
7.555559999999999832e+00 7.209290000000000198e+00 4.348679999999999879e+00
5.774359999999999715e+00 7.134559999999999569e+00 5.309339999999999726e+00
4.784239999999999604e+00 6.546109999999999651e+00 6.072969999999999757e+00
5.125060000000000393e+00 5.390539999999999665e+00 6.776919999999999611e+00
6.379909999999999748e+00 4.751529999999999809e+00 6.485190000000000232e+00
7.277969999999999828e+00 5.305539999999999701e+00 5.569250000000000256e+00
6.970600000000000129e+00 6.542779999999999596e+00 5.002839999999999954e+00
5.584939999999999571e+00 8.100640000000000285e+00 4.815100000000000158e+00
3.763640000000000096e+00 7.062990000000000101e+00 6.017710000000000115e+00
4.532329999999999970e+00 5.008280000000000065e+00 7.656170000000000364e+00
6.636199999999999655e+00 3.899360000000000159e+00 7.086389999999999745e+00
8.236359999999999459e+00 4.836730000000000196e+00 5.343060000000000365e+00
7.585399999999999920e+00 7.249710000000000321e+00 4.343829999999999636e+00
5.763189999999999813e+00 7.155429999999999957e+00 5.314960000000000129e+00
4.768469999999999764e+00 6.565109999999999779e+00 6.068939999999999557e+00
5.109280000000000044e+00 5.403290000000000148e+00 6.766630000000000145e+00
6.357660000000000089e+00 4.776580000000000048e+00 6.472470000000000390e+00
7.258490000000000109e+00 5.324290000000000411e+00 5.561840000000000117e+00
6.965539999999999843e+00 6.560340000000000060e+00 4.988419999999999632e+00
5.558259999999999756e+00 8.127259999999999707e+00 4.816159999999999997e+00
3.749400000000000066e+00 7.085379999999999789e+00 6.006210000000000271e+00
4.526709999999999567e+00 4.993680000000000341e+00 7.653819999999999624e+00
6.639529999999999710e+00 3.872739999999999849e+00 7.108609999999999651e+00
8.250600000000000378e+00 4.841549999999999798e+00 5.353220000000000312e+00
7.610350000000000392e+00 7.279860000000000220e+00 4.346180000000000376e+00
5.750200000000000422e+00 7.174629999999999619e+00 5.321579999999999977e+00
4.750280000000000058e+00 6.581769999999999676e+00 6.067219999999999835e+00
5.092439999999999856e+00 5.412480000000000402e+00 6.759149999999999991e+00
6.333560000000000301e+00 4.798440000000000261e+00 6.463049999999999962e+00
7.238649999999999807e+00 5.339979999999999727e+00 5.556099999999999817e+00
6.959909999999999819e+00 6.576319999999999943e+00 4.975469999999999615e+00
5.529069999999999929e+00 8.149800000000000821e+00 4.821089999999999876e+00
3.743440000000000101e+00 7.098309999999999675e+00 6.004739999999999966e+00
4.521980000000000111e+00 4.979219999999999757e+00 7.642369999999999663e+00
6.639750000000000263e+00 3.850200000000000067e+00 7.124900000000000233e+00
8.256560000000000343e+00 4.844140000000000335e+00 5.365050000000000097e+00
7.631680000000000241e+00 7.291000000000000369e+00 4.357630000000000337e+00
5.740099999999999980e+00 7.187909999999999577e+00 5.329110000000000014e+00
4.734569999999999723e+00 6.591630000000000322e+00 6.068109999999999893e+00
5.078879999999999839e+00 5.414019999999999833e+00 6.754809999999999981e+00
6.312710000000000043e+00 4.811819999999999986e+00 6.457760000000000389e+00
7.223620000000000374e+00 5.348209999999999908e+00 5.552179999999999893e+00
6.957819999999999894e+00 6.586549999999999905e+00 4.964680000000000426e+00
5.503219999999999779e+00 8.162470000000000780e+00 4.830930000000000391e+00
3.747450000000000170e+00 7.098880000000000301e+00 6.013480000000000381e+00
4.521869999999999834e+00 4.961899999999999977e+00 7.622259999999999813e+00
6.637679999999999580e+00 3.837530000000000108e+00 7.128890000000000171e+00
8.252549999999999386e+00 4.843200000000000394e+00 5.378940000000000055e+00
7.652020000000000266e+00 7.279519999999999769e+00 4.377740000000000187e+00
5.736889999999999823e+00 7.193270000000000053e+00 5.337449999999999584e+00
4.725640000000000285e+00 6.592480000000000118e+00 6.071679999999999744e+00
5.072239999999999860e+00 5.406150000000000233e+00 6.753420000000000201e+00
6.299229999999999663e+00 4.814339999999999620e+00 6.456660000000000288e+00
7.217310000000000336e+00 5.347010000000000041e+00 5.550060000000000215e+00
6.962699999999999889e+00 6.588890000000000136e+00 4.956409999999999982e+00
5.485260000000000247e+00 8.163230000000000430e+00 4.845939999999999692e+00
3.760050000000000114e+00 7.087819999999999787e+00 6.032060000000000421e+00
4.528170000000000250e+00 4.939239999999999853e+00 7.595720000000000027e+00
6.635200000000000209e+00 3.836770000000000014e+00 7.118129999999999846e+00
8.239950000000000330e+00 4.837979999999999947e+00 5.394650000000000389e+00
7.675950000000000273e+00 7.246279999999999610e+00 4.404279999999999973e+00
5.743509999999999671e+00 7.189869999999999983e+00 5.346370000000000289e+00
4.727089999999999570e+00 6.583280000000000243e+00 6.077770000000000117e+00
5.075319999999999609e+00 5.388580000000000148e+00 6.754430000000000156e+00
6.296339999999999826e+00 4.805220000000000269e+00 6.459380000000000344e+00