-1.454304131893965823e+05
-1.454298999041958305e+05
-1.454327605505787942e+05
-1.454335814177185530e+05
-1.454305271049611620e+05
-1.454264595557516732e+05
-1.454243594251548639e+05
-1.454251993485031417e+05
-1.454277453691528935e+05
-1.454291704858980374e+05
-1.454273442701005551e+05
-1.454247288148971274e+05
-1.454264716083266539e+05
-1.454308081231680699e+05
-1.454320746757926827e+05
-1.454300277121932595e+05
-1.454278899655394780e+05
-1.454280574007617834e+05
-1.454305612132400565e+05
-1.454333878693158913e+05
-1.454335562922381796e+05
-1.454297462352769217e+05
-1.454260263344880659e+05
-1.454272109594723443e+05
-1.454296681806252163e+05
-1.454286266598099319e+05
-1.454253405795562721e+05
-1.454232547417433234e+05
-1.454240514918104745e+05
-1.454271047992976382e+05
-1.454301669402360567e+05
-1.454306850177268498e+05
-1.454282831140464405e+05
-1.454272103062349488e+05
-1.454301211081971996e+05
-1.454322123639271886e+05
-1.454303545731066843e+05
-1.454270037181848602e+05
-1.454253116626634728e+05
-1.454262249123793736e+05
-1.454285753332978929e+05
-1.454302080728563014e+05
-1.454291711259577132e+05
-1.454262388888984569e+05
-1.454262515809056058e+05
-1.454297926113665162e+05
-1.454312478146821377e+05
-1.454292038229677128e+05
-1.454267237090132548e+05
-1.454263084163235326e+05
-1.454280972664403380e+05
-1.454305734440277156e+05
-1.454315112827033736e+05
-1.454290271031148150e+05
-1.454250678112167516e+05
-1.454252073272864218e+05
-1.454280057561024441e+05
-1.454276744637169177e+05
-1.454244150695597637e+05
-1.454218471507109934e+05
-1.454218939892750932e+05
-1.454240494065964303e+05
-1.454265963007393875e+05
-1.454276556246267282e+05
-1.454261492949745734e+05
-1.454245481411068758e+05
-1.454269683279040910e+05
-1.454303335847964336e+05
-1.454300693656463700e+05
-1.454274662008440064e+05
-1.454257500922559702e+05
-1.454261833963508543e+05
-1.454279071511421353e+05
-1.454293043663048884e+05
-1.454287870656708546e+05
-1.454257257348472194e+05
-1.454234109012474364e+05
-1.454254692823822261e+05
-1.454279390392923960e+05
-1.454270167936003418e+05
-1.454246641807911219e+05
-1.454237558438471169e+05
-1.454248881395591598e+05
-1.454269254903405672e+05
-1.454284264177634323e+05
-1.454278898023869842e+05
-1.454248319366708165e+05
-1.454229273882349662e+05
-1.454249657844471803e+05
-1.454266404761531739e+05
-1.454254091688546469e+05
-1.454236591358480218e+05
-1.454234936747705797e+05
-1.454248561742252496e+05
-1.454269336768295034e+05
-1.454292244241046137e+05
-1.454304490151689679e+05
-1.454291581911043904e+05
-1.454281282967851148e+05
-1.454301107800183527e+05
-1.454315266497835109e+05
-1.454302301593081502e+05
-1.454280598009856476e+05
-1.454265993366303446e+05
-1.454260128932345542e+05
-1.454263149486974580e+05
-1.454272989701897604e+05
-1.454272158226709580e+05
-1.454249108836409869e+05
-1.454237711983770714e+05
-1.454259476259714866e+05
-1.454277788034865516e+05
-1.454274647720048670e+05
-1.454266208445184748e+05
-1.454264787349520484e+05
-1.454271660730902804e+05
-1.454285451356582053e+05
-1.454297496834416233e+05
-1.454286831595102849e+05
-1.454250142790088430e+05
-1.454227845884080743e+05
-1.454237731254587416e+05
-1.454245578141658043e+05
-1.454239291299680190e+05
-1.454235426079613972e+05
-1.454244919049604796e+05
-1.454268472700263665e+05
-1.454301385987694957e+05
-1.454330714005873015e+05
-1.454334942284110875e+05
-1.454311739674816781e+05
-1.454294725244181463e+05
-1.454296158124474168e+05
-1.454289387974679412e+05
-1.454268194625703909e+05
-1.454246045121677744e+05
-1.454231416036630108e+05
-1.454226055153945345e+05
-1.454230040730334003e+05
-1.454239138808596472e+05
-1.454238921514606918e+05
-1.454222648172691406e+05
-1.454215330859713140e+05
-1.454229935547191708e+05
-1.454243937794174708e+05
-1.454248157111576584e+05
-1.454250882021379657e+05
-1.454257669929693220e+05
-1.454268514774775540e+05
-1.454283007583585277e+05
-1.454296728361182322e+05
-1.454294081526111113e+05
-1.454271033397105639e+05
-1.454254894392423739e+05
-1.454257046248001279e+05
-1.454259317844941397e+05
-1.454255206114042958e+05
-1.454250294295982167e+05
-1.454248591436002171e+05
-1.454252448322742130e+05
-1.454264327209354087e+05
-1.454277621864074899e+05
-1.454275850185127929e+05
-1.454259944093147351e+05
-1.454254357332143118e+05
-1.454260792824846576e+05
-1.454263125039204315e+05
-1.454258399748342345e+05
-1.454250493787527084e+05
-1.454241610813245934e+05
-1.454236116955023026e+05
-1.454239628981367568e+05
-1.454246396614849218e+05
-1.454242429700593348e+05
-1.454235887763453356e+05
-1.454245274238807324e+05
-1.454261301025965076e+05
-1.454270176413656445e+05
-1.454272083076171984e+05
-1.454268935683048039e+05
-1.454263066323140229e+05
-1.454261980355199776e+05
-1.454270002009941381e+05
-1.454273352728693280e+05
-1.454258422213182203e+05
-1.454243362060483487e+05
-1.454246027338058630e+05
-1.454253994073168724e+05
-1.454255582149110851e+05
-1.454251126430054719e+05
-1.454243450043590274e+05
-1.454238462064701307e+05
-1.454243307429506385e+05
-1.454252344589146669e+05
-1.454246574156112038e+05
-1.454222773517713940e+05
-1.454208912629795959e+05
-1.454217377117991855e+05
-1.454231445196996501e+05
-1.454238971715366933e+05
-1.454237900851579907e+05
-1.454232540998010954e+05
-1.454234054870955006e+05
-1.454249326249626465e+05
-1.454265775131049450e+05
-1.454263804644542979e+05
-1.454249587092775328e+05
-1.454252906028171419e+05
-1.454277273018993437e+05
-1.454301489934643614e+05
-1.454310098900626472e+05
-1.454299316153884283e+05
-1.454281429070887971e+05
-1.454276693827725248e+05
-1.454286804423941649e+05
-1.454288654918081593e+05
-1.454263738793696102e+05
-1.454231132050930755e+05
-1.454224051390610111e+05
-1.454237331600062025e+05
-1.454246528693048749e+05
-1.454240813110619201e+05
-1.454223807276864245e+05
-1.454214377961436985e+05
-1.454232167692609364e+05
-1.454269352267779759e+05
-1.454293842181437649e+05
-1.454287718573505990e+05
-1.454274350387222366e+05
-1.454280227013689873e+05
-1.454295759229235118e+05
-1.454301501066662313e+05
-1.454288864029347314e+05
-1.454261273340246116e+05
-1.454239173001589370e+05
-1.454243382881248544e+05
-1.454264130591802532e+05
-1.454270771819770453e+05
-1.454258822093611234e+05
-1.454258853218082513e+05
-1.454281420423806994e+05
-1.454307086704424291e+05
-1.454318618107650545e+05
-1.454307559802661708e+05
-1.454280895574861206e+05
-1.454265405000846076e+05
-1.454276061649554467e+05
-1.454288482371794526e+05
-1.454270278923608421e+05
-1.454232402801593707e+05
-1.454214450407408585e+05
-1.454221835296885110e+05
-1.454232463557063602e+05
-1.454230545197771280e+05
-1.454211900905336079e+05
-1.454190179180811392e+05
-1.454194098078040406e+05
-1.454230103600510920e+05
-1.454262785330661573e+05
-1.454259532955197792e+05
-1.454240386341408303e+05
-1.454244825914645044e+05
-1.454271089032097952e+05
-1.454293091673800373e+05
-1.454294135479377874e+05
-1.454271788196907728e+05
-1.454246561549446196e+05
-1.454248467195396079e+05
-1.454273996358912555e+05
-1.454283753673555620e+05
-1.454256373049534450e+05
-1.454226005630895670e+05
-1.454233560807625181e+05
-1.454266846478018851e+05
-1.454290960846066591e+05
-1.454285670790379227e+05
-1.454254973075840098e+05
-1.454233378541215789e+05
-1.454249920243844099e+05
-1.454277623294796504e+05
-1.454267052677640750e+05
-1.454222762642974267e+05
-1.454198502234641055e+05
-1.454216455607740791e+05
-1.454249233152317174e+05
-1.454269926162867923e+05
-1.454266689638294629e+05
-1.454249441472920880e+05
-1.454252323479727202e+05
-1.454287988277089316e+05
-1.454316124717477651e+05
-1.454297378762228764e+05
-1.454254769053676282e+05
-1.454240084270885272e+05
-1.454260516206108441e+05
-1.454285625992475834e+05
-1.454289659410188615e+05
-1.454264883120020095e+05
-1.454236255189091025e+05
-1.454247878572659974e+05
-1.454292944541648030e+05
-1.454311820510590333e+05
-1.454276426069421577e+05
-1.454226266442669148e+05
-1.454214976486272935e+05
-1.454241692759711586e+05
-1.454267931724323716e+05
-1.454262079043618869e+05
-1.454221618887683726e+05
-1.454190266291680164e+05
-1.454212963529923582e+05
-1.454258032128176710e+05
-1.454262735336979385e+05
-1.454219416950573213e+05
-1.454177314093994210e+05
-1.454182553440638585e+05
-1.454224365333612950e+05
-1.454261265910533548e+05
-1.454264250402191537e+05
-1.454238130827536515e+05
-1.454229011614753981e+05
-1.454269291186004994e+05
-1.454318512215422525e+05
-1.454321018802120234e+05
-1.454280631688291323e+05
-1.454247109591143089e+05
-1.454253833932744164e+05
-1.454283066538102867e+05
-1.454296383990243776e+05
-1.454270193394063681e+05
-1.454220999987614341e+05
-1.454205411848422082e+05
-1.454244126329403662e+05
-1.454280148819730966e+05
-1.454266174729099148e+05
-1.454221160435518250e+05
-1.454197138047813205e+05
-1.454216354798339598e+05
-1.454251543077537499e+05
-1.454266333570579009e+05
-1.454246977387441730e+05
-1.454220432794327207e+05
-1.454233756678440550e+05
-1.454281548322793387e+05
-1.454306878421471047e+05
-1.454284437458107714e+05
-1.454244584561941156e+05
-1.454231525750391011e+05
-1.454250505465478927e+05
-1.454270829023536353e+05
-1.454264332787913736e+05
-1.454229826573891623e+05
-1.454206821730491647e+05
-1.454233984031407454e+05
-1.454282286700671830e+05
-1.454294492720536364e+05
-1.454261170547914808e+05
-1.454224212127168430e+05
-1.454222846930050291e+05
-1.454249869591277093e+05
-1.454269538004316564e+05
-1.454255081252202799e+05
-1.454210755512245814e+05
-1.454180116545146157e+05
-1.454197848476418585e+05
-1.454232378347548656e+05
-1.454234368519028358e+05
-1.454205128766336420e+05
-1.454185378193478100e+05
-1.454203419945016212e+05
-1.454242455666936294e+05
-1.454266144508241850e+05
-1.454256088756355457e+05
-1.454231121326793218e+05
-1.454234774385897617e+05
-1.454270194755759148e+05
-1.454289406366983021e+05
-1.454264533001094824e+05
-1.454220644007749797e+05
-1.454202548717101454e+05
-1.454224212466023455e+05
-1.454257854285709327e+05
-1.454270380454645492e+05
-1.454251666201176413e+05
-1.454229931618982228e+05
-1.454246139794035989e+05
-1.454286265744686243e+05
-1.454296480971837009e+05
-1.454260990446413343e+05
-1.454212751268560241e+05
-1.454190679312158027e+05
-1.454199558646884107e+05
-1.454212349863283162e+05
-1.454203237634681282e+05
-1.454170482699272106e+05
-1.454149414638843446e+05
-1.454179725713404187e+05
-1.454237795229180774e+05
-1.454268613689098274e+05
-1.454263236848847009e+05
-1.454255451156502822e+05
-1.454273108269817603e+05
-1.454307502009036543e+05
-1.454329242408244172e+05
-1.454317503456250706e+05
-1.454278481275985541e+05
-1.454248661942969484e+05
-1.454253330682675587e+05
-1.454265126097973844e+05
-1.454247370704121131e+05
-1.454207725206119358e+05
-1.454183632788354007e+05
-1.454195014128958865e+05
-1.454224880343209661e+05
-1.454245686569024692e+05
-1.454244719997316424e+05
-1.454235877955479955e+05
-1.454247805662330939e+05
-1.454280217789300077e+05
-1.454296241765215527e+05
-1.454274956046841398e+05
-1.454238444757989200e+05
-1.454221834192468377e+05
-1.454233101878552407e+05
-1.454250494176583015e+05
-1.454249684695603210e+05
-1.454226585819904285e+05
-1.454207304172345321e+05
-1.454224296458170284e+05
-1.454265548386766750e+05
-1.454287184525271005e+05
-1.454275342774671153e+05
-1.454257400677917176e+05
-1.454262931352122105e+05
-1.454288885364670423e+05
-1.454308260460944148e+05
-1.454300516372479615e+05
-1.454270298188150045e+05
-1.454246121928840585e+05
-1.454246900856382854e+05
-1.454256025158267876e+05
-1.454247794580513146e+05
-1.454222358244477073e+05
-1.454207343435614603e+05
-1.454221582655285310e+05
-1.454248930046403257e+05
-1.454260569707568793e+05
-1.454247832080480875e+05
-1.454230126416756248e+05
-1.454230751861750032e+05
-1.454243343887808151e+05
-1.454244652665547037e+05
-1.454226058956652996e+05
-1.454203821525995736e+05
-1.454204470791250060e+05
-1.454233088933031249e+05
-1.454267414530993847e+05
-1.454282715201808896e+05
-1.454274015341074846e+05
-1.454265013466293458e+05
-1.454276001132538076e+05
-1.454291116487247637e+05
-1.454285213229276997e+05
-1.454257286659441015e+05
-1.454231435878480552e+05
-1.454232214856223436e+05
-1.454255873100165627e+05
-1.454276169625114126e+05
-1.454272975005625049e+05
-1.454251382566882530e+05
-1.454241196443622466e+05
-1.454251878876696283e+05
-1.454258605671859696e+05
-1.454243357693017169e+05
-1.454214766145088652e+05
-1.454197461165004934e+05
-1.454206454662534525e+05
-1.454227275390093855e+05
-1.454235093166998995e+05
-1.454224808719275461e+05
-1.454217306585923943e+05
-1.454234195627610898e+05
-1.454263584664812661e+05
-1.454278934877502907e+05
-1.454272011885219254e+05
-1.454258063698179612e+05
-1.454259344689797726e+05
-1.454282059435556002e+05
-1.454304480739046994e+05
-1.454301719678421796e+05
-1.454272584311935352e+05
-1.454241396725829691e+05
-1.454230583751954837e+05
-1.454230391169289360e+05
-1.454220409425873659e+05
-1.454200673618314031e+05
-1.454188014022032730e+05
-1.454200595003923809e+05
-1.454236711256720300e+05
-1.454270044078178180e+05
-1.454282078329867218e+05
-1.454278810530220217e+05
-1.454277435374526540e+05
-1.454281789186039823e+05
-1.454276918852631934e+05
-1.454253617034085619e+05
-1.454221330459217133e+05
-1.454199559061040345e+05
-1.454203550335215114e+05
-1.454224430331047042e+05
-1.454236079913137364e+05
-1.454228908609069476e+05
-1.454220489307832904e+05
-1.454236850181048794e+05
-1.454271753533282899e+05
-1.454295447758619848e+05
-1.454295943936656695e+05
-1.454282696533401322e+05
-1.454273320957887627e+05
-1.454279426286467351e+05
-1.454289206869162736e+05
-1.454279207373503305e+05
-1.454244128425285453e+05
-1.454204240363486751e+05
-1.454188309616657789e+05
-1.454194940377767198e+05
-1.454200284800877562e+05
-1.454195771156419651e+05
-1.454191811358121340e+05
-1.454203960305996588e+05
-1.454237007823985186e+05
-1.454270872020487441e+05
-1.454282532232588856e+05
-1.454272371648965636e+05
-1.454262349098607374e+05
-1.454268762590827537e+05
-1.454276873389568646e+05
-1.454271146756696980e+05
-1.454255412018735369e+05
-1.454241791504606372e+05
-1.454241860637328064e+05
-1.454257335391828674e+05
-1.454272112380865728e+05
-1.454270683573109563e+05
-1.454256251751948148e+05
-1.454249925163518637e+05
-1.454260081593028735e+05
-1.454269618607911689e+05
-1.454267273291155579e+05
-1.454257029731951188e+05
-1.454247431051709573e+05
-1.454247333304554923e+05
-1.454253707031498197e+05
-1.454251889155301906e+05
-1.454238044614006358e+05
-1.454222478067416232e+05
-1.454221197891560441e+05
-1.454232273886042240e+05
-1.454239340289346874e+05
-1.454239076314925624e+05
-1.454238484102835064e+05
-1.454243151242391614e+05
-1.454256000892475422e+05
-1.454269631384005188e+05
-1.454270624122859736e+05
-1.454258262330036669e+05
-1.454246875147318642e+05
-1.454249675339436508e+05
-1.454256656853255990e+05
-1.454256498105902865e+05
-1.454253256661654741e+05
-1.454252021402928804e+05
-1.454255081001198851e+05
-1.454265516113953199e+05
-1.454274746584170498e+05
-1.454269874713364115e+05
-1.454255183316622861e+05
-1.454247128385052492e+05
-1.454251758030916681e+05
-1.454255443839741929e+05
-1.454252826296814310e+05
-1.454250465687651595e+05
-1.454250370180705795e+05
-1.454252634987993224e+05
-1.454258724942590343e+05
-1.454258576348340721e+05
-1.454243819665511255e+05
-1.454223802037159912e+05
-1.454215418717318098e+05
-1.454221569948217948e+05
-1.454228560096568253e+05
-1.454233214497682347e+05
-1.454241481251359219e+05
-1.454252868296025263e+05
-1.454265901492637640e+05
-1.454281733482021664e+05
-1.454293292043858964e+05
-1.454293571787594119e+05
-1.454281836606932920e+05
-1.454266124509513902e+05
-1.454256002310646873e+05
-1.454248585650364403e+05
-1.454243770261688333e+05
-1.454242941133386048e+05
-1.454240345120309212e+05
-1.454234804769907787e+05
-1.454232420591488190e+05
-1.454232161944622349e+05
-1.454230859787108784e+05
-1.454225116004402225e+05
-1.454218157582932326e+05
-1.454218602656595467e+05
-1.454226304839975492e+05
-1.454238432797658315e+05
-1.454249638065372128e+05
-1.454253635175385280e+05
-1.454253603630482685e+05
-1.454254994191534643e+05
-1.454254504081514897e+05
-1.454248625315240060e+05
-1.454233922039743920e+05
-1.454218527951589494e+05
-1.454213519233511470e+05
-1.454220818706394639e+05
-1.454238708029600093e+05
-1.454260344111628365e+05
-1.454275777732881252e+05
-1.454284478654106206e+05
-1.454291394398655393e+05
-1.454296326397421653e+05
-1.454295256449798471e+05
-1.454282211713286524e+05
-1.454263369297277241e+05
-1.454248177254631591e+05
-1.454239676132431487e+05
-1.454238326654426346e+05
-1.454239790834892774e+05
-1.454240399977189663e+05
-1.454243555414985458e+05
-1.454248689961268683e+05
-1.454252239468755433e+05
-1.454254924468954268e+05
-1.454254900485541148e+05
-1.454253355212021852e+05
-1.454252015755343600e+05
-1.454252476912075072e+05
-1.454255046149321133e+05
-1.454253615333534835e+05
-1.454245555337962869e+05
-1.454238641124537098e+05
-1.454237562862413179e+05
-1.454243006501050550e+05
-1.454250096799916937e+05
-1.454250770218012040e+05
-1.454247590621100389e+05
-1.454247060551275499e+05
-1.454253603034348635e+05
-1.454264322546958574e+05
-1.454267853800193989e+05
-1.454260043540852785e+05
-1.454251350005414570e+05
-1.454247082645884948e+05
-1.454244060284028819e+05
-1.454235859669852944e+05
-1.454219731276356906e+05
-1.454202818627762608e+05
-1.454193895649750775e+05
-1.454197509677764319e+05
-1.454207905426847865e+05
-1.454212969855219417e+05
-1.454213815807051433e+05
-1.454224241670315678e+05
-1.454246826113726420e+05
-1.454273635722927866e+05
-1.454290752826667449e+05
-1.454292030906641448e+05
-1.454285389245691767e+05
-1.454281540146344632e+05
-1.454284884125644749e+05
-1.454286847521293967e+05
-1.454274216344917950e+05
-1.454250202240338258e+05
-1.454231877325138485e+05
-1.454229889688797120e+05
-1.454241320401849225e+05
-1.454250127447480918e+05
-1.454248452235569712e+05
-1.454243456808142655e+05
-1.454245862246584147e+05
-1.454258841433454072e+05
-1.454271397980125039e+05
-1.454270106007090653e+05
-1.454258804215865384e+05
-1.454251185164944036e+05
-1.454253046734626696e+05
-1.454259244131400483e+05
-1.454257163956233126e+05
-1.454245041991266189e+05
-1.454232721137163171e+05
-1.454230763564802182e+05
-1.454238239110576105e+05
-1.454239666217781196e+05
-1.454223801484951691e+05
-1.454203072423980047e+05
-1.454195371112838329e+05
-1.454205852724046563e+05
-1.454225632576498028e+05
-1.454238576422032493e+05
-1.454242141573331319e+05
-1.454248375384481333e+05
-1.454267542204076890e+05
-1.454293613153020269e+05
-1.454306648269811703e+05
-1.454296676114741131e+05
-1.454276162283252925e+05
-1.454261136969881481e+05
-1.454256931288260967e+05
-1.454250978814720002e+05
-1.454229981273808808e+05
-1.454203660243503982e+05
-1.454191452974895656e+05
-1.454202438545258483e+05
-1.454224069713887293e+05
-1.454233087138354313e+05
-1.454225567528863030e+05
-1.454224253128639248e+05
-1.454243861783948960e+05
-1.454271552711417607e+05
-1.454282406467135006e+05
-1.454269968620160653e+05
-1.454250803149710700e+05
-1.454244804893076653e+05
-1.454256186572536535e+05
-1.454267367630933877e+05
-1.454256529895534040e+05
-1.454230477000038663e+05
-1.454220042527343903e+05
-1.454234984350576415e+05
-1.454254383242010372e+05
-1.454254916963940486e+05
-1.454237262241436983e+05
-1.454222513088721316e+05
-1.454228673914241372e+05
-1.454253069356344058e+05
-1.454271655622975668e+05
-1.454262278478688095e+05
-1.454236822771433508e+05
-1.454229872331884399e+05
-1.454246828592389065e+05
-1.454255963819214085e+05
-1.454236298324094096e+05
-1.454203219907537859e+05
-1.454186325488094590e+05
-1.454200968679556099e+05
-1.454235804693745740e+05
-1.454260749024683319e+05
-1.454256997440312407e+05
-1.454245640421975986e+05
-1.454260104691653687e+05
-1.454291792741685931e+05
-1.454302095449935587e+05
-1.454278170639957825e+05
-1.454243653438244655e+05
-1.454227976663335576e+05
-1.454239985111833957e+05
-1.454262112213770743e+05
-1.454265347345273185e+05
-1.454243147722063295e+05
-1.454231202965779230e+05
-1.454259437805932539e+05
-1.454298595685127075e+05
-1.454304714084729785e+05
-1.454278382349112944e+05
-1.454251387229278043e+05
-1.454248462614576856e+05
-1.454267413696406293e+05
-1.454281183909201354e+05
-1.454261644769394188e+05
-1.454214871102327597e+05
-1.454186265774290368e+05
-1.454200031494117575e+05
-1.454221064489315613e+05
-1.454213079713307379e+05
-1.454186574941946019e+05
-1.454174712866313639e+05
-1.454196661686526495e+05
-1.454243151951477339e+05
-1.454282712183488184e+05
-1.454288352709506289e+05
-1.454269333731149090e+05
-1.454267829044944083e+05
-1.454293899830735463e+05
-1.454307247861414216e+05
-1.454283096363629447e+05
-1.454242170037162141e+05
-1.454218022982144612e+05
-1.454225470114288328e+05
-1.454251254856149026e+05
-1.454265103030724567e+05
-1.454251527521577082e+05
-1.454234418889215740e+05
-1.454245877570366138e+05
-1.454270117170484737e+05
-1.454268216682662896e+05
-1.454236667444007180e+05
-1.454205121612728108e+05
-1.454200551097084244e+05
-1.454225151075908507e+05
-1.454256835178905749e+05
-1.454268573346512567e+05
-1.454259579202648310e+05
-1.454260867090595711e+05
-1.454287939745504409e+05
-1.454309374760938517e+05
-1.454295489676254510e+05
-1.454258818058725155e+05
-1.454230470505315461e+05
-1.454228790191751905e+05
-1.454246201584896480e+05
-1.454255991812412685e+05
-1.454237766633573046e+05
-1.454207366829168750e+05
-1.454205865004407533e+05
-1.454237279303420219e+05
-1.454258706324383384e+05
-1.454248228032700426e+05
-1.454225819442551874e+05
-1.454219950170496013e+05
-1.454239933536828321e+05
-1.454269436052848177e+05
-1.454277866122147825e+05
-1.454251879108874709e+05
-1.454222005634339002e+05
-1.454226093080619466e+05
-1.454247985224174627e+05
-1.454246938130447234e+05
-1.454220516102488618e+05
-1.454196923608991783e+05
-1.454198226117910526e+05
-1.454223131706411659e+05
-1.454249218606646755e+05
-1.454253355789330381e+05
-1.454242045790280972e+05
-1.454250425853348570e+05
-1.454285230178308557e+05
-1.454308796592510771e+05
-1.454298517691971210e+05
-1.454271662312226836e+05
-1.454256762268577004e+05
-1.454264800771948649e+05
-1.454281887184198422e+05
-1.454281504271626472e+05
-1.454253926088789594e+05
-1.454227422064164421e+05
-1.454234724342015106e+05
-1.454259789299104013e+05
-1.454264356476397079e+05
-1.454241706044087769e+05
-1.454215961400083906e+05
-1.454210241130158538e+05
-1.454226908146434289e+05
-1.454246063432405062e+05
-1.454241449574679718e+05
-1.454212600151722436e+05
-1.454195116500858567e+05
-1.454212500176908798e+05
-1.454240162376992812e+05
-1.454247659176513262e+05
-1.454238855469232076e+05
-1.454239190935810620e+05
-1.454263885154011950e+05
-1.454303505702235852e+05
-1.454328351602033363e+05
-1.454315176939679077e+05
-1.454278753828461922e+05
-1.454258119929305685e+05
-1.454259204190420860e+05
-1.454253051679401542e+05
-1.454226103315299551e+05
-1.454196060538700549e+05
-1.454188611737381725e+05
-1.454212686497029499e+05
-1.454250827434328385e+05
-1.454271071204553009e+05
-1.454261468859656015e+05
-1.454249590286798775e+05
-1.454262387370411598e+05
-1.454283600636538758e+05
-1.454283024538891914e+05
-1.454259100883531792e+05
-1.454235850163084106e+05
-1.454234692546108563e+05
-1.454256109426518378e+05
-1.454276290859949368e+05
-1.454267795397884911e+05
-1.454237295869670925e+05
-1.454223792931997159e+05
-1.454240525466539548e+05
-1.454257626480935432e+05
-1.454251762825089390e+05
-1.454232362986115913e+05
-1.454223331430135295e+05
-1.454237912077725050e+05
-1.454266690385030815e+05
-1.454282166639279167e+05
-1.454264709870922379e+05
-1.454232803711138258e+05
-1.454221211326538760e+05
-1.454229264350480225e+05
-1.454231122186481371e+05
-1.454218445791770646e+05
-1.454205157600397943e+05
-1.454207792625740112e+05
-1.454230185936032212e+05
-1.454258425601733616e+05
-1.454269837395374198e+05
-1.454261647034703346e+05
-1.454259632785684371e+05
-1.454275534340771555e+05
-1.454286930923581822e+05
-1.454275357037962240e+05
-1.454248672397277551e+05
-1.454228411652921059e+05
-1.454230140686322120e+05
-1.454251714657460107e+05
-1.454270973532699281e+05
-1.454265271422898804e+05
-1.454246125179339724e+05
-1.454250810548047593e+05
-1.454281997751372401e+05
-1.454301950947048026e+05
-1.454291993557275855e+05
-1.454267559046431561e+05
-1.454253739498839714e+05
-1.454263083874581207e+05
-1.454283258681511797e+05
-1.454284926576662401e+05
-1.454256890487593191e+05
-1.454228473004525003e+05
-1.454229419790858228e+05
-1.454244744062305836e+05
-1.454245973742472124e+05
-1.454229930238461238e+05
-1.454214196981422137e+05
-1.454217657338634017e+05
-1.454243334600667586e+05
-1.454271261396407208e+05
-1.454275417165922408e+05
-1.454256642407987383e+05
-1.454244559894542617e+05
-1.454253489662207139e+05
-1.454265993711433839e+05
-1.454265675325663760e+05
-1.454254728566763515e+05
-1.454247034999088792e+05
-1.454254321915507026e+05
-1.454272385949907184e+05
-1.454280856744573393e+05
-1.454266237574175466e+05
-1.454244850513017445e+05
-1.454240258291819773e+05
-1.454245876666752447e+05
-1.454243514168786060e+05
-1.454232922153556428e+05
-1.454224666425221076e+05
-1.454229879830623104e+05
-1.454253529992242984e+05
-1.454285052737447550e+05
-1.454302002509503509e+05
-1.454295637467291963e+05
-1.454283940338806715e+05
-1.454279848499959335e+05
-1.454271120344822120e+05
-1.454249020470522228e+05
-1.454222147401285183e+05
-1.454202230124253256e+05
-1.454196688631784345e+05
-1.454205635781462188e+05
-1.454216937177356449e+05
-1.454217016544757935e+05
-1.454214425407430099e+05
-1.454231048083884525e+05
-1.454263989872797101e+05
-1.454287930452088767e+05
-1.454293640161029180e+05
-1.454290508493293310e+05
-1.454288639870403858e+05
-1.454291864729575464e+05
-1.454294413083305699e+05
-1.454281203468672466e+05
-1.454246963996388949e+05
-1.454211896123713814e+05
-1.454199985372169467e+05
-1.454205767006248934e+05
-1.454209127853004320e+05
-1.454207902490103443e+05
-1.454211691768970049e+05
-1.454227573821061815e+05
-1.454256685436313855e+05
-1.454288733287742944e+05