1.981978730221551643e+01 -4.488173363936830640e+01 3.393644047888986393e+01
-6.742551791295729124e+00 6.075920851938954925e+00 -1.640394408165887774e-01
3.924426675480982674e+00 4.505063020532827700e+00 -2.034385402935596332e+01
-3.969620351342084064e+01 7.252199876824010971e+01 -3.708880600520619453e+01
-2.057926451289833025e+01 3.642644995260280893e+01 1.449250643764751878e+00
-1.844403980835618029e+01 -1.037012819614231240e+01 1.262726365864729594e+01
-3.655377991513236169e-01 2.852872059406398986e+00 -6.616860634173442612e+00
3.672396902660168827e+00 2.706714807838397796e+00 2.701122473322725703e+00
-1.288493082720337490e+01 1.107285791567849786e+00 1.580093009779336732e+01
2.960600509995616036e+01 -6.923181113015871802e+01 4.619000195688871457e+01
2.627022262257713336e+01 -1.644558539184809476e+01 -1.507191782901940336e+01
1.541969083525739137e+01 1.473295429121163735e+01 -3.341953018491355465e+01
1.319297643926323182e+01 -4.233781790298615277e+01 3.927733457506089820e+01
-1.810988359118593394e+01 6.849187981638467981e+00 1.634864922193330461e+00
5.668630275371000948e+00 2.305296419676214015e+00 -1.657774520562496079e+01
-4.536620104105999474e+01 7.849669077618736424e+01 -3.950370316914566615e+01
-2.946586233538211275e+01 4.061206094341118700e+01 9.026115659091381360e+00
-7.059189866438828176e+00 -8.283794914857411484e+00 -2.220656033602178780e+00
-1.037203736886712857e+00 8.269458332097766373e+00 -1.166952419668938568e+01
1.587185171414479612e+01 -1.080072372399027092e+00 -1.329062884540522349e+00
-8.763718248299717573e+00 -1.432218688580569443e+00 1.319188311177734541e+01
3.134334516460938147e+01 -7.270485126823632527e+01 4.916059882412218229e+01
3.413234175942265125e+01 -2.384561357999402631e+01 -1.696531438369203570e+01
9.592914652263797137e+00 1.315167545986408904e+01 -2.402478766148566436e+01
3.437339793945125788e+00 -3.321345574114710075e+01 4.048087468914181386e+01
-2.632178807347069238e+01 5.562135197794877861e+00 2.541712479908423639e+00
2.282177642382416050e+00 -5.328856821432148561e-01 -5.649556335446363597e+00
-3.285514908191871797e+01 4.588845939030890975e+01 -1.444562023866211042e+01
-2.147597448202680681e+01 3.266445237224879605e+01 6.193426282775894798e+00
9.022220235239814201e+00 -4.128295491130566930e+00 -2.428301335200037059e+01
3.125944235955077644e-01 8.765836125620538155e+00 -1.351275338409738147e+01
2.471965656984619741e+01 -2.727281697117410530e+00 -3.893237196593956284e+00
-1.157334576675667970e+00 -2.590019293132543865e+00 4.752220252529872013e+00
1.573609886101625577e+01 -3.920553663657056376e+01 2.524392251501009810e+01
2.667732821098044482e+01 -2.002374624030428407e+01 -9.817971727694136064e+00
-3.771683370923150647e-01 9.540337695572558729e+00 -7.610003984871791083e+00
-8.769207416338957728e+00 -1.823629217035698957e+01 3.755553944534532462e+01
-2.964388854159571807e+01 1.902838065998711192e+00 2.301585983989288930e+00
-3.599726199495631995e+00 -3.254709042582160539e+00 7.794234409530271357e+00
-1.627818533270720636e+01 5.637373204654585912e+00 1.651766199840696103e+01
-2.415305086558939607e+00 1.748278201380539798e+01 -3.854031563905838009e+00
2.515718915386817756e+01 5.985220917651372652e-01 -4.518912823538720858e+01
3.688576252136808620e+00 4.380881414266871055e+00 -1.217583798913218196e+01
2.845538345917811540e+01 -1.907657244851911571e+00 -4.617527523883312668e+00
7.904149396509107639e+00 -3.545509251575559517e+00 -5.333831342910784201e+00
-3.446344922934103217e+00 1.400899955142608011e+00 -4.819227471884643066e+00
9.124998948021172396e+00 -9.704013089167707662e+00 3.937934368964448151e+00
-1.017763971008282731e+01 5.244884052901014115e+00 7.882629106689254428e+00
-2.120984766240312780e+01 -8.830244024097797517e-01 3.178920458768332580e+01
-2.740851883397520794e+01 -3.853522846453077300e+00 9.403268580503310048e-01
-8.776151587442386770e+00 -5.424009515708354989e+00 1.910498354747182859e+01
-5.361515533242185327e+00 -2.135114067389833536e+01 3.717988065910932960e+01
1.690037760879535611e+01 2.337856708296089714e+00 -1.373272328500010353e+01
3.778534810779947151e+01 4.701708997010451974e+00 -5.966203541415536904e+01
7.935253496243223736e+00 -2.487418453586417666e+00 -8.918397999478434812e+00
2.635978298233766637e+01 1.171524117560853950e+00 -3.510261891282123514e+00
1.590467881261751693e+01 -5.044812237912834618e+00 -1.304269845774570769e+01
-1.666033886367226913e+01 2.928697878017468526e+01 -2.587402303513663426e+01
-8.627309635843960933e+00 1.680937647582944894e-01 1.796432280786674340e+01
-1.684176007703566214e+01 1.377766947989991886e+00 1.776142043679524818e+01
-3.143426566170865399e+01 1.498968703237196642e+01 2.467700968296713171e+01
-1.959509190236348175e+01 -1.132873923695285256e+01 -1.353704256727900068e+00
-1.119354490578294126e+01 -6.963663638368635667e+00 2.582158007628260776e+01
-5.678010123975532064e-01 -3.380694520617676346e+01 4.566241689715538854e+01
2.996227926101663641e+01 -8.859692716922694444e+00 -1.872090661392313038e+01
4.519772781339985812e+01 7.640754709778580178e+00 -6.592726437870787493e+01
1.155899495413821754e+01 -8.877624710677146425e+00 -5.274816560925740028e+00
1.837181378827972367e+01 6.105165583454118305e+00 -7.496514931686373284e-01
2.117838900202011843e+01 -7.227300232699077398e+00 -1.632093301441955902e+01
-2.335895478004429293e+01 4.355572898865219145e+01 -3.665528031226319428e+01
-2.081612644204018636e+01 6.219245175780504731e+00 2.804642443166369858e+01
-1.930342130033901427e+01 -1.446616934061759840e+00 2.079512435624564048e+01
-3.749261026636361294e+01 2.658809750961587426e+01 1.714203737200218569e+01
-7.290018335441638797e+00 -1.972114236342093463e+01 -4.261248619536563531e+00
-9.844079961161389392e+00 -8.098839953220755561e+00 2.727620723503761724e+01
-1.568652203289258862e-01 -3.540079611779045621e+01 4.440703740739866134e+01
3.509424701254967971e+01 -1.531894343482237453e+01 -1.758206966788995018e+01
4.644480062307129486e+01 9.210386401683178903e+00 -6.343577499967781108e+01
1.347330940127405441e+01 -1.268428388875461188e+01 -2.367237809291598438e+00
5.520766626566347313e+00 1.220308223966177685e+01 3.210105550115556650e+00
2.291201981680798383e+01 -9.934108720441363616e+00 -1.462047674382390028e+01
-2.528159962369679903e+01 4.790189073322347468e+01 -3.969922261513350037e+01
-2.609505661798604237e+01 8.063385074152883192e+00 3.296537593996999504e+01
-1.728491108364781681e+01 -2.808726294065123863e+00 1.696526813665087730e+01
-3.832263437378230719e+01 3.256771423453589165e+01 9.571221232494986353e+00
6.079139171675072895e+00 -2.762874724397980231e+01 -6.679926182635488985e+00
-4.446980294300394654e+00 -9.032261772279406742e+00 2.363739279918911862e+01
-3.467778647779476753e+00 -2.771618142566853749e+01 3.468370135577698932e+01
3.230935454618398239e+01 -1.706182484366383889e+01 -1.060501336072996281e+01
4.110151116733247534e+01 9.048182612654178669e+00 -5.208984016416435026e+01
1.316646265481965372e+01 -1.291494159945160192e+01 -8.071994138738078917e-01
-8.871692045371398549e+00 1.811080616036600333e+01 7.357193941459095221e+00
2.081019377673443671e+01 -1.292702512123164738e+01 -8.145188975035763335e+00
-2.313835520788885347e+01 4.375792816753374126e+01 -3.604485375777480982e+01
-2.446318708107400397e+01 6.037941358752365595e+00 3.262257152610279576e+01
-1.075603129490605170e+01 -2.241590527567335567e+00 6.499942185012764995e+00
-3.380265253209984166e+01 3.278875493231470983e+01 2.115891069694072257e+00
1.432757051572536255e+01 -3.283388848702229978e+01 -6.896939830368666868e+00
4.536040237359144633e+00 -1.004203982793658767e+01 1.599128884831634778e+01
-1.143016136986017806e+01 -9.095640377635458407e+00 1.568267285608218131e+01
2.173757857818933914e+01 -1.395959585325137020e+01 1.521209853988362948e+00
2.999127971328875120e+01 6.849778520779437052e+00 -3.326932928179795823e+01
1.063783571591641497e+01 -9.463760896162343172e+00 -8.281635533781701586e-01
-1.879355834394257485e+01 2.176533984692267154e+01 1.010071783659626199e+01
1.518992723402283040e+01 -1.589171778287699510e+01 2.085466445718540118e+00
-1.608666447704737834e+01 2.915523044648198692e+01 -2.431875519988775025e+01
-1.574261732217670051e+01 2.787807215780352954e-01 2.695270088137144882e+01
-5.645791351967299754e-01 4.487599426297816940e-01 -9.136759926334667270e+00
-2.487403275070344932e+01 2.835765397463419646e+01 -5.227344566085639244e+00
1.209184743327752365e+01 -3.349124274425097525e+01 -3.656134545673753511e+00
1.529063431652452820e+01 -1.142829251506868182e+01 6.867258716516402295e+00
-2.567539436499696848e+01 2.391297061671142288e+01 -1.442743092162735685e+01
3.980155545900520675e+00 -6.198050986891908920e+00 1.773691424826665042e+01
1.644818945601188176e+01 3.361226650768079249e+00 -1.176458083941856891e+01
6.370015273248836429e+00 -3.090144282810855181e+00 -2.247309744990806379e+00
-1.894766060001757424e+01 2.145859033783686698e+01 1.020273643775239769e+01
7.537375971283710285e+00 -1.837837493901662356e+01 1.366638486900980176e+01
-2.547834876665085790e+00 2.152728616710476994e-01 -1.959987550656963728e+00
-9.859513428871624630e-02 -8.978941305464900324e+00 1.630478449630369298e+01
1.042530091624636057e+01 4.259332331882338174e+00 -2.549529059939585451e+01
-1.356348757407162253e+01 2.154623440994317463e+01 -1.253342485466866485e+01
-5.001783516488812475e-01 -2.949652530949285634e+01 2.731708369031533579e+00
2.419926114628092151e+01 -1.349520203906632432e+01 4.556590525136201553e-01
-4.459849897198007085e+01 6.832230021720143043e+01 -5.229177371901462124e+01
-1.724366228039767535e+01 4.237400561978317270e+00 3.486259676920009554e+01
6.212554770492671352e+00 1.341125061532341789e+00 3.865755781750718434e+00
1.324343314699051311e+00 4.479356780577198549e+00 -4.302573315367069995e+00
-9.290536081478409258e+00 1.712739128981323944e+01 7.801767933953100531e+00
8.743216579206956052e-01 -1.963401175205365945e+01 2.244079567039005596e+01
1.601850226748516803e+01 -4.081068605608615485e+01 2.870741678946363606e+01
1.930777563713748179e+01 -1.989336160141503029e+01 3.151546123612704253e+00
1.725960327973910324e+01 6.275979622889883203e+00 -3.488947341504355393e+01
-2.038493681758655640e+00 1.507180636179198885e+01 -2.035636207525742947e+01
-1.796739882901467666e+01 -2.240928720550118314e+01 1.046028383833008490e+01
2.728739783317680434e+01 -1.647619974727454206e+01 8.364524461399494015e-01
-5.792427082538073080e+01 1.019025246402876661e+02 -8.094175049753579287e+01
-3.342472882666857714e+01 1.271396856007158327e+01 4.684967923856951444e+01
3.251761090163594048e+00 3.885500896682962058e+00 7.336938923252522393e+00
-3.380214025718237814e+00 1.094711458240720958e+01 -5.656831350767324018e+00
5.061362749540323058e+00 1.035687664011757825e+01 4.224964851192511972e+00
-1.650228426431042950e+00 -1.876132771371866070e+01 2.439530946868816841e+01
2.978878407901515146e+01 -7.273696450212499087e+01 5.179356027370426574e+01
3.447826962730050582e+01 -2.797246118298981443e+01 -7.129452165998332980e+00
1.651775923577555361e+01 3.478447484428650149e+00 -3.181279413613970064e+01
7.790516858913935749e+00 1.140705326496049565e+01 -2.937897363161475184e+01
-3.380705667340416909e+01 -1.436381752360079922e+01 1.743625511875515954e+01
2.263926425461801983e+01 -2.019272937123873390e+01 9.158519752111297763e+00
-5.273059647690281793e+01 9.384335041852348525e+01 -7.884670617101082257e+01
-3.448005191711752104e+01 1.353945689999187252e+01 4.770088330501798168e+01
6.609756377158303664e+00 1.109141958068566680e+01 -4.655179730317077907e-02
-6.767827578022098223e+00 1.405438687194927105e+01 -4.761702081789269236e+00
1.818197917088988902e+01 3.184833320853892147e+00 9.109386421254135335e-01
1.075789184894657025e+00 -1.517334707685613537e+01 1.828548004900628854e+01
2.637109927756308636e+01 -6.567078066007687198e+01 4.666743743668091327e+01
3.559463881208083791e+01 -2.756033956935297624e+01 -9.019096781229153592e+00
9.522488709327880940e+00 -4.159487341660729420e+00 -1.810648384074988115e+01
1.466563638660599445e+01 1.138716585144006643e+01 -3.922710791671784847e+01
-4.348530897482411461e+01 -7.143877685375591646e+00 2.197272699516513583e+01
1.218541468411703299e+01 -2.396272176060561776e+01 2.231753189001789295e+01
-3.288249056981690188e+01 5.018543088458776680e+01 -5.187101458107495233e+01
-1.890893522506457813e+01 5.444373629499203560e+00 3.803016334219930172e+01
1.189985106316884433e+01 1.969437481316176175e+01 -1.114058611454673908e+01
-8.450337625004488373e+00 1.287232198646861114e+01 -8.961680486718054395e-01
2.631796498473478607e+01 -2.780350769759456497e+00 -1.242725587802379961e+00
7.036052115999939183e+00 -9.272480762280864042e+00 6.979611752639476308e+00
9.837090728838365550e+00 -2.556500149192613947e+01 1.905699927771426161e+01
2.090035297638691603e+01 -1.740268569598073967e+01 -2.849895647270195287e+00
8.847106406797725642e-01 -1.345654781340742190e+01 -1.129536547473718677e+00
1.844275674941938092e+01 1.365735602358945933e+01 -4.825026613681811227e+01
-4.493105314421167407e+01 -1.975086616684965435e+00 2.314823310155203373e+01
-8.536966633848409869e-02 -2.666766613684267995e+01 3.525232888580758583e+01
-1.268813662302972389e+01 4.259338260990179315e+00 -2.377779407286503499e+01
3.582203314182211162e+00 -6.344167920526590621e+00 2.468568515356015070e+01
1.548584544890461956e+01 2.606823689157786106e+01 -1.939191323486659613e+01
-8.803861865848290336e+00 8.507433747692171977e+00 5.112976819118178362e+00
2.813384675513675148e+01 -6.580868577935170549e+00 -1.884598944458092395e+00
1.284995976333533108e+01 -2.377886486974112312e+00 -4.780547158151241760e+00
-5.805673302365748967e+00 1.516198216294642265e+01 -8.184587896639497373e+00
-5.338390826840546666e-01 -2.658795758267082476e+00 5.363335769349386162e+00
-5.646678346500320522e+00 -2.104987558956549520e+01 1.270714652858967852e+01
1.951568098940524720e+01 1.583366944547003996e+01 -5.420479562064110723e+01
-3.756903883807780176e+01 3.428909788416730220e-01 2.067272148233199758e+01
-1.106906565830336397e+01 -2.718128577596721129e+01 4.413592776554536812e+01
1.775311257088838079e+00 -2.789737140382612779e+01 -5.261371715985388775e+00
2.278947345848458994e+01 -1.575546688468981316e+01 1.315007104328230447e+01
1.613737850805496166e+01 2.820894009176513961e+01 -2.184760147493088311e+01
-8.498272090256191902e+00 3.149229028268424546e+00 1.143906214655115328e+01
2.355763681215453431e+01 -7.650779645316216460e+00 -9.500126486194599984e-01
1.612914534890688856e+01 4.109397052798024141e+00 -1.348922549836255058e+01
-1.489819378345525358e+01 4.128182838081587391e+01 -2.515237353247968244e+01
-1.916852698202586325e+01 1.084763008194233791e+01 1.080703110891157337e+01
-8.701530207798146677e+00 -2.528868253592370863e+01 2.070056694439667666e+01
1.843456035073992183e+01 1.592844386266598811e+01 -5.539555969314614714e+01
-2.191868199137245199e+01 -7.414693243479969498e-01 1.484881261589033485e+01
-1.920219957127671861e+01 -2.474424576588457114e+01 4.708042114259784938e+01
1.102133159689669029e+01 -4.668284244467352551e+01 4.283980818999125972e+00
3.402436440488627056e+01 -1.978181966724460850e+01 5.186497756347120180e+00
1.380142978666211917e+01 2.552779159693731970e+01 -1.779599662208108057e+01
-8.062315463098357782e+00 -1.184062994823093184e+00 1.624865481819410107e+01
1.318788452144934276e+01 -5.634961243584849733e+00 1.483734334968262125e+00
1.593412039051300333e+01 9.117511670639501631e+00 -1.747316500088722435e+01
-1.833464776868892798e+01 5.369415595111749440e+01 -3.287372497678470751e+01
-3.071483601702738397e+01 2.019902608376592568e+01 1.219663374197385863e+01
-8.171010239683507592e+00 -2.569752772456758549e+01 2.220970987810694908e+01
1.580470693948810990e+01 1.303403484536837276e+01 -5.137411028277589509e+01
-5.795406459228197305e-01 -4.949871805697337201e+00 6.772275594724448844e+00
-2.356019344345559219e+01 -1.920893266614100625e+01 4.346296335319278370e+01
1.612622941367066431e+01 -5.498342977875833526e+01 7.170750773754339669e+00
3.644609664434489815e+01 -1.788219873516044700e+01 6.895457553408406159e-01
8.595235534067050764e+00 1.812838003600685610e+01 -7.158874770748728800e+00
-7.753851256024922201e+00 -3.268335318222447494e+00 1.835363158617438017e+01
-8.705483736906554082e-01 -9.052704150293757746e-01 4.948946864874134377e+00
1.217251531709806045e+01 1.185139365060556216e+01 -1.614742716002396250e+01
-1.775071839714216537e+01 5.578203317208419776e+01 -3.382587566169164717e+01
-3.442257514570643906e+01 2.460378045784397116e+01 1.007744964578486879e+01
-4.207355400904612353e+00 -2.220158225707844579e+01 1.703072430139442872e+01
1.219041410784860346e+01 7.181767056122998483e+00 -4.272644364807049300e+01
2.183116124470923936e+01 -1.048706917591278476e+01 -1.809011120235762382e+00
-2.391009737105165200e+01 -1.066634405223771864e+01 3.341425209311346123e+01
1.722648802662530798e+01 -5.335180689273249044e+01 4.097490218431639519e+00
3.034294932919987176e+01 -1.033228744407920274e+01 -8.010817604034188300e-01
6.730106593937378312e-01 6.534674898745598703e+00 9.790843687678226104e+00
-7.632835793346082198e+00 -2.808214019147657670e+00 1.745888059427658590e+01
-1.465486438348038511e+01 4.770439215103830399e+00 8.380515265246788914e+00
5.136048163549247647e+00 1.190738340177010812e+01 -9.600631979029701668e+00
-1.363044498892053191e+01 4.829818044310315628e+01 -2.864689364244383540e+01
-3.048959632507554574e+01 2.398586425433078517e+01 5.161906188665607687e+00
2.917767330548191040e+00 -1.503258649924505441e+01 5.280174102770907041e+00
8.200609531847566913e+00 -7.740390995404183849e-01 -3.090435520588007634e+01
3.831714520574306704e+01 -1.367322943110150391e+01 -8.343972987800867713e+00
-2.046769411901027524e+01 7.680210550817589965e-02 1.820649366016947113e+01
1.308985146658395848e+01 -3.858451120890552488e+01 -6.519045770476608048e+00
1.581901269088698037e+01 2.579127522028546338e+00 4.754006099811594055e-01
-8.802348757527253653e+00 -7.223522205182764111e+00 3.045606840605600496e+01
-7.654573088512917067e+00 -1.484352148005298744e-01 1.393144682086522934e+01
-2.228054492948389509e+01 7.880907293772216882e+00 9.961777495092380974e+00
-4.196835977773031523e+00 9.259927655159804871e+00 1.141926011218363568e+00
-5.242032152029471703e+00 2.832057570583944539e+01 -1.560571185048386589e+01
-1.866927950030802563e+01 1.791790856586548486e+01 -1.915584462035387014e+00
1.188669081540486516e+01 -5.631510502821361897e+00 -1.088444272670581014e+01
4.073435827920525831e+00 -9.354170824293195352e+00 -1.768343488136200037e+01
4.436483046032140010e+01 -1.127527054244231941e+01 -1.100906427277357125e+01
-1.485555638314873939e+01 1.139323014293988479e+01 9.953916683916722574e-01
2.530163763655639109e+00 -6.443915673379606801e+00 -2.697809287861150551e+01
-6.290426487055371219e+00 2.012427663539231304e+01 3.904370875297868526e+00
-1.673295501904467031e+01 -1.935003594618530443e+01 4.829093507332139978e+01
-7.619870020319288173e+00 3.700563722369830888e+00 8.764815133250310808e+00
-2.015190627793158029e+01 5.421248923097564898e+00 8.260468618789175821e+00
-1.382997488345203863e+01 4.951758447812356856e+00 1.328910506469007480e+01
8.364037088734960435e+00 -8.350536510180903704e+00 7.849843511971419829e+00
6.110253943803302112e-01 6.398875798575901719e+00 -1.025765776368398363e+01
1.953719535011725483e+01 2.783978197936606946e+00 -2.542668014928086606e+01
-4.258498699319887559e-01 -1.648153357268834540e+01 -5.088828748703174476e+00
4.130741010950684000e+01 -3.500827494885453639e+00 -9.961706345798285511e+00
-1.022229300705529553e+01 2.055020121208310258e+01 -1.299291055338289524e+01
-1.201727704396071594e+01 3.686449125407756355e+01 -5.296433376621244093e+01
-3.091062227286805708e+01 3.891483959405359627e+01 7.437674465471855179e+00
-1.904633044106508777e+01 -2.545723047034262265e+01 5.432337659164041099e+01
-7.108170226313690776e+00 7.024465453456972597e+00 3.518155905461688882e+00
-1.024713122562299716e+01 -2.216627797734973537e+00 3.573395031573556757e+00
-2.076003471022077562e+01 1.464039024541882839e+00 2.205467082299306369e+01
2.472804269997656235e+01 -5.584374569813691380e+01 3.795439171563389635e+01
2.300725551859396489e+01 -7.806251525302497996e+00 -1.799411538894641893e+01
2.169499809731809847e+01 6.488178835056134908e+00 -2.985976972973126209e+01
-5.755428856699175810e+00 -2.012742973494218290e+01 5.126416920772255637e+00
3.430873983262311100e+01 6.486064515200017588e+00 -7.045522087043654125e+00
-9.687061769850162207e+00 2.496814666528590720e+01 -1.892821431212052019e+01
-2.071494028762493400e+01 6.064171731841141622e+01 -6.476838941981510800e+01
-4.729624185383340063e+01 5.173946665122727495e+01 7.890645260490345869e+00
-1.436568993585700049e+01 -2.425013526320021384e+01 4.468149106607429388e+01
-5.574394221167019658e+00 7.964288337340812873e+00 -2.988649814787868730e-01
2.022936888605324945e+00 -1.171139911372754128e+01 -2.372719862401427182e+00
-2.253677725394244291e+01 1.565712551621669002e+00 2.302200239561621231e+01
3.433877906458897655e+01 -8.428347156932841244e+01 5.581363057359069302e+01
3.850669404013495978e+01 -1.766985010947660584e+01 -2.263994847366287644e+01
1.675338435302176521e+01 4.676889751587842703e+00 -2.048052708002142808e+01
-1.216115751811775425e+01 -1.921769114424379765e+01 1.206420711834414661e+01
2.800859198035156794e+01 1.527481308516148673e+01 -4.266565843448411499e+00
-1.366224753755832211e+01 2.404006697239203305e+01 -1.606591259960372398e+01
-1.544122772657919640e+01 3.654799310587950600e+01 -4.407089375328008884e+01
-4.517749295415995192e+01 5.148921323911564230e+01 3.393537916858631043e+00
-5.793445110354380034e+00 -1.837683099933481401e+01 2.477714638529452529e+01
-2.661574138201395989e+00 5.418381606545636053e+00 -1.923289930585607710e+00
1.198497763608584599e+01 -1.956697607298125519e+01 -7.736993616611266944e+00
-1.908714167615655555e+01 5.953772929662474844e+00 1.567401161534798426e+01
2.913669842701402146e+01 -6.574920141202566981e+01 4.354114219754165305e+01
3.734775741852064357e+01 -1.604286734324715624e+01 -2.288545622785854405e+01
7.506262384977048896e+00 2.293260330758895016e-01 -2.500933261999293222e+00
-1.914866328493679504e+01 -1.444307309393359873e+01 1.603555319581444394e+01
2.469347125797700571e+01 2.088000190663332134e+01 -2.736292755214229100e+00
-1.937793951350682420e+01 1.958158302305844600e+01 -8.401876654976501158e+00
-2.708846915018037649e+00 -1.497337842834439137e+01 -3.907150441053749201e+00
-2.598418348718009341e+01 3.907872724970945200e+01 -4.563576199994519911e+00
2.062951251602960667e+00 -1.137946986946239036e+01 3.737020620662840464e+00
1.438323298013707952e+00 -1.440773205373627464e-01 -1.786433077577067818e+00
1.747363932951451204e+01 -2.386392740829344206e+01 -1.142980088010344275e+01
-1.267983112876598994e+01 1.252712577049834053e+01 3.870573774782350096e+00
1.528910579252310598e+01 -2.002212996550681368e+01 1.350184501149142946e+01
2.067896957617488951e+01 -3.697421295214077919e+00 -1.987938076512584828e+01
-1.736997362220013441e+00 -3.543960568607478656e+00 1.555951817129429315e+01
-2.555416308279271576e+01 -8.063297323356835022e+00 1.826085172085616293e+01
2.519523979634886146e+01 2.241395815665835656e+01 -2.977207822476222177e+00
-2.331249310518030882e+01 1.434748876060656464e+01 -1.220307631055393527e+00
7.237959582775706835e+00 -5.873353356878322273e+01 3.221749250675955523e+01
-1.315589579882534554e+00 2.245943441379916194e+01 -1.268809393345326697e+01
6.238187489511071604e+00 -5.218707041782805867e+00 -1.215219863616994012e+01
5.917163060387167661e+00 -6.859051645442829859e+00 -1.066789985013520958e+00
1.786461774459018415e+01 -2.387662281400268327e+01 -1.295331597122040357e+01
-6.070704422860403682e+00 1.827892719902036234e+01 -7.369264419201892125e+00
2.844570122607369633e+00 1.881529089582313574e+01 -1.230933422381641584e+01
-8.855122560598817083e-01 1.155891787573628626e+01 -1.579537215210316958e+01
-8.159275349444515157e+00 -5.122804908275491620e+00 2.805354291853765503e+01
-3.017408596624380834e+01 -2.427840406356474467e+00 1.989817010787411178e+01
2.959768300419046838e+01 1.974609204921604544e+01 -5.150268535795206049e+00
-2.339651567821730538e+01 1.025803841240738024e+01 2.042476856406268304e+00
1.186346412834835995e+01 -8.444665366115118843e+01 5.644230217872753030e+01
1.879795537031749220e+01 8.314351165027014545e+00 -1.861733577233420789e+01
5.905466116438356394e+00 -5.987260530748691467e-01 -2.055210801316478353e+01
9.826999387292909560e+00 -1.265234141317177397e+01 -8.691609624558511715e-01
1.317943317113272172e+01 -1.952005311352722927e+01 -1.216218088213111947e+01
-9.987143404257933232e-01 2.130370662534841486e+01 -1.487099577996681710e+01
-5.210049358513313855e+00 4.114139034667133643e+01 -2.736630951525481947e+01
-1.850210000397882126e+01 2.330319389244241535e+01 -1.199219691779310004e+01
-1.088953701616283354e+01 -4.421157843831081458e+00 3.319760723588799323e+01
-3.203590053509034163e+01 6.831494338019226120e-01 2.155254890979388804e+01
3.745371413310479625e+01 1.328794770283950299e+01 -9.099816841198691719e+00
-1.908763023464266340e+01 8.340668103090269625e+00 -2.469473415794715479e-02
1.277671037924550745e+01 -9.522767021649940489e+01 6.968740970577235316e+01
2.985669370858332528e+01 -6.879674268335548293e-01 -2.125379420972094380e+01
1.007821450069636304e+00 2.241162445981212503e+00 -2.066575359479720575e+01
1.234071936326219721e+01 -1.590489581796449947e+01 -1.790614284426571778e+00
3.933504139585620951e+00 -1.126667807935908172e+01 -9.191642120154503104e+00
1.665691539680485000e+00 2.088662353427019625e+01 -1.722583108147652098e+01
-9.562434294674559965e+00 5.022174074100632168e+01 -3.358735832564057233e+01
-2.862892844568546735e+01 2.915872031935722930e+01 -8.973090461847359478e+00
-9.719962389260116353e+00 -1.732798368046986281e+00 3.057263703785406506e+01
-3.071052081234066833e+01 6.088470401595307280e-01 2.331528452915187088e+01
4.712418151592945037e+01 4.521783104644570450e+00 -1.417223026193315327e+01
-1.054710495026805894e+01 8.734694079596240002e+00 -7.394677761230174617e+00
1.179226858721467508e+01 -9.497026511450989972e+01 7.383230314139314032e+01
3.110969918356050812e+01 -4.489125578656102178e+00 -2.035651267459658698e+01
-8.437243783248327134e+00 3.120950741331350642e+00 -1.207751559380415252e+01
1.305181031067582254e+01 -1.589867974130394934e+01 -3.949498500897619557e+00
-8.291129221256783310e+00 -5.534774736751596480e-01 -4.743543596115288530e+00
1.653849925500352258e+00 1.710469110753301791e+01 -1.426737465545838113e+01
-1.115160358273696772e+01 4.986731408994910453e+01 -3.337157081740891584e+01
-3.106404030989819987e+01 2.920189489683414052e+01 -6.781013913860579834e+00
-4.530166863131806387e+00 2.751372848097139556e+00 1.996635010475984373e+01
-2.621733853809972459e+01 -2.506608604024740394e+00 2.487464582045421579e+01
5.441521610045504076e+01 -3.085117585183218214e+00 -1.861842672817696354e+01
1.627356300023432567e+00 1.086591426470254795e+01 -1.901376778080207686e+01
9.240726832327368356e+00 -8.384294715748983151e+01 6.867570943335310574e+01
2.240034611087688887e+01 -3.262078923628577876e+00 -1.598845710641146489e+01
-2.181902791842332689e+01 2.108268608653625975e+00 4.514183174213921568e+00
1.187079843474773178e+01 -1.259514923893706673e+01 -7.110341465605080735e+00
-1.944869155737399424e+01 9.256112867174877579e+00 -5.955800684544112489e-01
-9.773090752980572171e-01 1.058961783930991096e+01 -6.601045331918242276e+00
-9.722666062435632028e+00 4.016349191805388585e+01 -2.672795330537041281e+01
-2.571965515503035959e+01 2.365764663157412429e+01 -5.549088788901444858e+00
4.350243342409061853e+00 8.650848193972905165e+00 2.140123333440417941e+00
-1.916231090536530957e+01 -7.554046250889588698e+00 2.562881647961929588e+01
5.369145583540667843e+01 -5.338233112571974637e+00 -2.017037189139172781e+01
1.593012535764970927e+01 1.325425851208669314e+01 -3.220340257488609836e+01
3.716505907532829056e+00 -5.880496390258741002e+01 5.232572497633400843e+01
4.154961060734876810e+00 2.637440297645211373e+00 -8.538503458600807505e+00
-3.670383733383820157e+01 2.249989701734958214e-01 2.461855223711914675e+01
9.135634581666437271e+00 -6.782988306771646769e+00 -1.074528893731964807e+01
-2.402563670972850574e+01 1.402608724022397091e+01 9.707811275650679583e-01
-5.362370510592864292e+00 2.797172834526066243e+00 3.715272653101891809e+00
-3.724147341718366366e+00 1.791286882420059712e+01 -1.153259975185146047e+01
-1.245811925597956815e+01 1.280486059745321548e+01 -5.511395078712792994e+00
1.480773812841071901e+01 1.482254429651137428e+01 -1.855758696679844277e+01
-1.069630857744478725e+01 -1.252564230771650955e+01 2.473926175783338977e+01
4.173661229701215092e+01 -3.476307076498033610e-01 -1.782329660622438183e+01
2.964518701621291541e+01 1.359513715172711734e+01 -4.253330177432692949e+01
-7.098742944846430980e+00 -1.693840453484467190e+01 2.338077152525620050e+01
-2.116492044064839817e+01 1.157087688625167132e+01 1.308181752545934273e+00
-4.808199212718145077e+01 -2.105521060080086659e-01 3.864292477935548931e+01
5.602861053733438901e+00 -1.259069766477001195e-01 -1.404116258982060828e+01
-1.887459027498454844e+01 1.190380814974195722e+01 -1.019433014865536613e+00
-9.374091440817533538e+00 -4.038679397756326672e+00 1.283365353095089212e+01
8.858991896375881581e+00 -2.000925075745449888e+01 1.418733762871213244e+01
7.282493111769785976e+00 -1.948925021247144285e+00 -6.748450067775999095e+00
2.216449924499742252e+01 1.907516843578235921e+01 -3.292648573581902127e+01
-2.357244890936302628e+00 -1.472799755705652380e+01 2.123188852789142089e+01
2.095158402559824395e+01 9.592191301107190426e+00 -1.288699059926735302e+01
3.900321531806748254e+01 9.988393260190823852e+00 -4.512326296220262378e+01
-2.122726026631070440e+01 3.192617053627613899e+01 -1.083495720684288877e+01
-4.582345502358284506e+01 1.892686484717589934e+01 1.168705894021849012e+01
-5.090899430325580965e+01 3.314767347547229015e+00 3.718268749876128254e+01
2.326810780388225641e+00 4.980924915104019135e+00 -1.594273301256290587e+01
-6.253414624268439859e+00 5.072156097454159962e+00 -5.170875743007538716e+00
-1.005017337807293210e+01 -7.758250654042975647e+00 1.624609462942834170e+01
2.555609122866261984e+01 -6.430556444756479095e+01 4.403533333609264844e+01
2.715702505250322574e+01 -1.618110923584736227e+01 -8.356939946649230677e+00
2.162581608120723686e+01 1.917145240383463189e+01 -3.206730227603807037e+01
4.554135874490009783e+00 -1.180250341316988383e+01 1.427279623166823264e+01
-2.814178701635747348e+00 2.017101697832482898e+01 -7.567296621092753028e+00
4.120075138855430197e+01 2.702393674043845451e+00 -3.798350837841969962e+01
-2.569369277761599690e+01 5.521353133913983413e+01 -2.833832864053709955e+01
-5.740004401232857845e+01 1.816203246629104839e+01 1.916243067334370309e+01
-4.497243713112059282e+01 1.113744724485568938e+01 2.058700199863089253e+01
2.074499967855745752e-01 6.338959792199018395e+00 -1.549293429023937207e+01
8.282437149161811618e+00 -2.430859508069133756e+00 -9.078392602925864807e+00
-5.584307689477245873e+00 -7.848781015846305387e+00 1.192904006107030312e+01
3.307991325942170846e+01 -8.334844059040169384e+01 5.704468056223248595e+01
3.600223651643495515e+01 -2.319799491784034373e+01 -7.896253010686406171e+00
1.313773731315136395e+01 1.490319557882995838e+01 -1.663923598304442564e+01
9.600065156320097159e+00 -3.321278693778263236e+00 3.864038712119952201e+00
-2.437329943456064640e+01 2.803286100456652363e+01 -3.179325179669562296e+00
3.686215874305289475e+01 -5.746224509686740589e+00 -2.413176299679691184e+01
-9.822621334063082799e+00 3.333593095017640451e+01 -1.648350440813470641e+01
-4.897437147594283147e+01 6.642855028770147108e+00 2.118219548925407025e+01
-3.494409828558308817e+01 2.092925144800416604e+01 -1.450850317060265127e+00
-5.636221771911855694e-01 3.374284917877194090e+00 -1.242965716669942289e+01
1.999306666469158955e+01 -7.700853332676968144e+00 -1.114931613293189194e+01
2.852624222698643131e+00 -5.878494604869447748e+00 2.328836163626726297e+00
2.055552317928122008e+01 -5.807434840305323576e+01 4.096942250284971010e+01
2.725824203827925274e+01 -1.994394282040697064e+01 -3.257215869377354078e+00
1.556332703017137886e+00 8.349960200898754792e+00 3.737138016998093004e+00
1.320727033244642179e+01 8.902302843333137261e+00 -8.884334089110069499e+00
-4.076961512607123694e+01 3.152402168202794286e+01 2.714938480413925728e-02
2.940548030112892164e+01 -1.278907019745094686e+01 -8.961254776775067654e+00
1.599715866507898099e+01 -7.758541180327187980e+00 7.549511669212758846e+00
-2.702031405554757626e+01 -1.099548068670974210e+01 1.877109058268972319e+01
-2.529056917803872651e+01 2.961068435186431103e+01 -1.970453493235817177e+01
-5.496448983667090449e-01 -2.454797688066563843e+00 -7.430685233148833113e+00
2.647909086195828365e+01 -9.663176951823304606e+00 -1.094456862350026505e+01
1.218433440066839779e+01 -3.905481990107279699e+00 -7.988793340047847913e+00
-1.990329167122720788e+00 -1.389471599778996591e+01 1.259569353103687384e+01
6.666382914504976220e+00 -1.043177787365191378e+01 4.658459712774742911e+00
-8.319243864817442713e+00 1.856031317058375762e+00 2.031226611442201602e+01
1.597254575260924270e+01 2.179937174010869683e+01 -2.198519946641955158e+01
-5.043954296008234905e+01 3.006123488506208830e+01 2.203529212692539652e+00
2.242108968756956600e+01 -1.691302202417716316e+01 2.999728945699643212e+00
3.703660969723835450e+01 -3.886140410254697031e+01 2.498612609190308831e+01
-4.001604686426280644e+00 -2.760762657602843717e+01 1.500344256256318864e+01
-1.787208960629146759e+01 3.491367366160755381e+01 -2.992929681991847701e+01
-5.839720611232158687e-01 -8.582423917844124617e+00 -1.831075702155422480e+00
2.685225705125789375e+01 -8.257736485896021605e+00 -8.656127471594571077e+00
1.953569410001190576e+01 -3.176531384054862794e+00 -1.538013064192037760e+01
-2.024988597082639785e+01 2.071180616122016005e+01 -9.638103940585097007e+00
-1.446821962610903434e+01 -9.124019459405832144e-01 1.279276521745748596e+01
-1.420288019200664387e+01 -3.174940011510326343e+00 2.943434438392069552e+01
1.817158663066611268e+01 3.265509149678935330e+01 -3.338253373780700883e+01
-5.248889520994109148e+01 2.371304584359770118e+01 3.385795687839796564e+00
1.817309380987930467e+01 -1.770862884640016333e+01 9.453801180810957661e+00
4.928633504246405295e+01 -5.394962697812924546e+01 3.221644898377952870e+01
1.236901899498749913e+01 -3.906984426034200197e+01 1.191259271591924751e+01
-1.290593291299791900e+01 3.559230274359146051e+01 -3.129224218412743141e+01
-1.279376960832575794e+00 -1.275477268023364452e+01 3.033623283583753771e+00
2.078411993209266484e+01 -3.738500525979965516e+00 -4.676099994423416284e+00
2.328504607916254798e+01 -4.007884797451514380e+00 -1.817133642231521407e+01
-3.052359501525765495e+01 4.004151593990479086e+01 -2.208759871629908034e+01
-2.931477088026879585e+01 5.348933966403491169e+00 1.889482276258132387e+01
-1.555662950995413851e+01 -6.121631901750265392e+00 3.071272644045754063e+01
1.957688479800520298e+01 3.974445577885282432e+01 -4.133792722756469118e+01
-4.659503828665550174e+01 1.317696310480614308e+01 3.446245313922373654e+00
1.767963313741432430e+01 -1.534570742761684414e+01 9.753001749793547503e+00
5.415665719407967771e+01 -5.672091688528602305e+01 3.180124660570849215e+01
1.993922562220863526e+01 -4.431521212844285174e+01 1.005263514364853528e+01
-1.049899854088896589e+01 3.098146206753127885e+01 -2.385904538089713256e+01
-2.868167971814723050e+00 -1.366603030836090760e+01 6.189781067275221815e+00
8.497317503893782487e+00 3.367362091561991289e+00 4.444909849842302307e-01
2.275632737401002004e+01 -6.265205248121139547e+00 -1.596579724206456419e+01
-3.436971833512510699e+01 4.777430107577048801e+01 -2.711279627965217642e+01
-3.608932680986890773e+01 7.779461444433525941e+00 2.217824647443766040e+01
-1.218479687107999609e+01 -6.510933565128492972e+00 2.440991641876536633e+01
1.963533512892378141e+01 4.247541233701011265e+01 -4.473806424145040239e+01
-3.471852656359214961e+01 3.114252035292539023e-01 2.726482453380438375e+00
2.127971389755884957e+01 -1.041926271282104111e+01 4.212428345573409061e+00
5.286170209530554587e+01 -4.982430434167017808e+01 2.556572602890431511e+01
1.883521625563374968e+01 -4.366711320855403500e+01 9.593327318169535545e+00
-1.076113507093562305e+01 2.084006817950231749e+01 -8.340989460735254823e+00
-5.276227688591908382e+00 -1.094393658060441155e+01 7.098906588222844150e+00
-7.691544633366529382e+00 1.157529051412854315e+01 5.727270337740491435e+00
1.783854508576997944e+01 -9.644408953863262468e+00 -9.034894296160830507e+00
-3.310555783665578389e+01 4.651126829361253101e+01 -2.640295518817144327e+01
-3.485285998830353549e+01 6.657161965990584740e+00 2.251309758304688557e+01
-4.044659495924804560e+00 -3.871601882081987966e+00 1.107966571730158201e+01
1.775961443054686484e+01 4.112912539419135527e+01 -4.324049729788898588e+01
-2.248672016808364660e+01 -1.142107086171828989e+01 1.961967872675872027e+00
2.824208854788284384e+01 -3.973562377981280758e+00 -5.551807877757347853e+00
4.508033503561190258e+01 -3.243567181709428127e+01 1.307031979953399237e+01
9.428747142717844199e+00 -3.782981878825042799e+01 1.095096968832545592e+01
-1.284193768042639761e+01 6.092323135870418405e+00 1.240876180484601576e+01
-8.218731257052931838e+00 -5.014634264823490284e+00 5.712703705596615222e+00
-2.205938090626198544e+01 1.805472510094070415e+01 9.891225855070230111e+00
9.298457369554043339e+00 -1.362193316170392876e+01 1.386519496984940591e+00
-2.639156892947350386e+01 3.532053734241095100e+01 -1.946313486407477811e+01
-2.558198957171230248e+01 2.151050679191461423e+00 1.980867496829983310e+01
7.771087172518835295e+00 1.548931990609947018e+00 -6.935704337433411304e+00
1.327891411413289013e+01 3.705226254193870972e+01 -3.743994911634103318e+01
-1.751050889371325425e+01 -1.810732458824173818e+01 1.775461856428000473e+00
3.612783399365335413e+01 2.496342946708757449e+00 -1.619717474645345234e+01
2.927991365527129730e+01 -6.446801963076627118e-01 -8.000446408598634207e+00
-7.622101736510655812e+00 -2.788400007982300721e+01 1.473573860025378934e+01
-1.315037105613906121e+01 -1.002462366656430426e+01 3.145082565990868417e+01
-1.119086850650349518e+01 2.816293021491863335e+00 2.594067687966407743e+00
-2.715738554225995927e+01 1.960379701849570111e+01 1.204212830656566879e+01
-4.945658581665492437e-01 -1.727297934702849957e+01 1.241915790253450247e+01
-1.260328871818125052e+01 1.012810438571404248e+01 -3.949905237695516380e+00
-8.394268423794873257e+00 -5.550895980971395360e+00 1.406215993232888195e+01
1.943669578638999695e+01 7.387703944587538984e+00 -2.349206325107572724e+01
5.624185682994537139e+00 3.247388610295137568e+01 -2.884810266031592363e+01
-2.313506218139393766e+01 -1.829946918604644424e+01 1.905121958339081489e+00
4.054504660912699876e+01 7.323578271643514270e+00 -2.283230296188515140e+01
5.879427846443628702e+00 4.708448613893366996e+01 -3.843105641140677164e+01
-2.895524401064672304e+01 -1.594225512647091492e+01 2.048996266223966956e+01
-6.122783334492995166e+00 -2.197594650072282008e+01 3.968496429659735725e+01
-1.349241061509476047e+01 1.039962432182993446e+01 -9.696949150085888425e-01
-1.991163511178112699e+01 1.528129122838860887e+01 1.244553531749773612e+01
-7.523568264943487627e+00 -1.924935376593654368e+01 1.963095707569395287e+01
8.107830852350915052e+00 -3.102042935008418212e+01 2.103785017304229044e+01
1.400871139678500654e+01 -1.516525265883154461e+01 6.198251390736936983e+00
2.497549875900880068e+01 9.089840524345351724e+00 -3.031148592553059018e+01
-5.512620032392752556e+00 2.989532184616772525e+01 -1.965796060444520421e+01
-3.540682246300008984e+01 -1.391723356354868102e+01 1.473136647613180639e+00
3.720999222619086311e+01 9.422299830851491365e+00 -2.144433794840856677e+01
-1.629034474706761415e+01 9.495104057524609686e+01 -6.826318345456151349e+01
-4.595049683147131958e+01 -5.886865319319433354e+00 2.543294958791198468e+01
1.100655033104896852e+01 -2.586796467274465527e+01 3.322579658620745136e+01
-1.430745661028540461e+01 1.523908665295449438e+01 -3.214663848223751508e+00
-4.544680133305113223e+00 7.294984556169297640e+00 1.208936076544898874e+01
-8.222431020345743136e+00 -1.829038816447710403e+01 1.934201504909793456e+01
2.739514395250738232e+01 -7.326529070033845414e+01 4.604461548934004611e+01
3.362627698950918642e+01 -2.305361877026779283e+01 -1.099494943864718355e+00
2.099688833861165449e+01 3.478625357663881701e+00 -2.392823332611583353e+01
-1.930591152563225421e+01 3.072556888804124142e+01 -1.200128268264871600e+01
-4.709993739396742285e+01 -8.320299246013147965e+00 -3.433783515062067970e-02
2.536105322623149050e+01 8.962306600506067866e+00 -1.211770427257231475e+01
-2.178750285203249248e+01 1.053255183649005886e+02 -7.450917246416982209e+01
-4.663518071838250734e+01 -2.738663212529078184e+00 2.531979730805193540e+01
3.384458081110856398e+01 -2.282079337774412053e+01 1.748752174261352721e+01
-1.300508064013741993e+01 1.561290267247348140e+01 -2.743809678135104235e+00
1.140199455015051733e+01 -9.192986841812852417e-01 1.170947096785763542e+01
-2.451783329640177200e+00 -1.415716439890906031e+01 1.169864441693988866e+01
3.023787605168403303e+01 -8.028983678966206128e+01 4.906214480260006638e+01
3.901865827235027240e+01 -2.391775896420384484e+01 -4.255592250656207831e+00
1.042123354826740389e+01 -7.462483038500350219e+00 -9.615680054730267656e+00
-3.388678657236425806e+01 3.414437429087526255e+01 -6.743228895411175650e+00
-5.340453444876288813e+01 -3.934860719459651435e+00 -2.467842911138427908e+00
8.530923687136818145e+00 7.046452956974698090e+00 1.101343639689555731e+00
-1.111883103205638257e+01 6.878759169831359088e+01 -5.195712538589356910e+01
-2.749391458838819702e+01 -7.792603904873982579e+00 1.872935559259661886e+01
5.493829029494290239e+01 -1.709917940888398391e+01 1.127036835607934551e+00
-9.571760781308523036e+00 1.178557936774840975e+01 4.830977777804024709e-01
2.283244526047333878e+01 -7.144116035510802654e+00 1.149482659161773768e+01
6.350818007881105842e+00 -7.888081514259877913e+00 5.892525245664493871e-01
1.711786202769111398e+01 -4.306112044090918545e+01 2.548169396929477060e+01
2.666667004672538610e+01 -1.593732092292560054e+01 -2.489348971099461849e+00
-9.611819019704183065e-01 -1.890671418126732561e+01 4.650941604032298393e+00
-4.646279902283357188e+01 3.739812993291658927e+01 -3.289390765987561860e+00
-5.256279323842873197e+01 -1.951098632181670567e+00 -5.369270806298270138e+00
-8.089647464424002621e+00 4.843463293095694233e+00 1.335740364373262601e+01
8.865439208242233138e-02 2.015108687522794995e+01 -2.187434768040183286e+01
2.218637765293086872e+00 -1.678985429535202911e+01 8.380879312468229259e+00
6.866843797549684325e+01 -1.185559857388643046e+01 -1.031758207081184331e+01
-4.741439948653285441e+00 5.794751885722546625e+00 5.099156068740705372e+00
2.771255162584824916e+01 -1.049982505852200632e+01 1.139309851674581431e+01
1.405765381036968797e+01 -1.134866815422816755e+00 -9.475954699348232424e+00
3.077084829880172290e+00 4.482342679285948428e+00 -3.573136522471687115e+00
5.203317449470593381e+00 -3.137004393721760209e+00 1.457922556893062271e+00
-9.169658174101481762e+00 -2.730152689716200598e+01 1.421122126091742466e+01
-5.445943657255511994e+01 3.755566277078841608e+01 -3.761378581495416484e-01
-4.439780222902544438e+01 -2.848067110412016767e+00 -8.327799567432068173e+00
-2.092966648555303877e+01 3.294645141356295159e+00 2.162586825735623464e+01
4.155804179869873494e+00 -1.520526702182918122e+01 5.957650566190517694e-01
3.067872300698915566e+01 -2.411196570571566866e+01 -2.462107092213002169e+00
7.265963352019740285e+01 -8.338273929344056867e+00 -1.501138756707018551e+01
3.823563064532283229e-01 6.326358066393664159e-02 9.319802157781801100e+00
2.562313402266444129e+01 -1.075833060292680798e+01 1.135295964248351730e+01
1.818337844034037687e+01 4.736083592629687367e+00 -1.580159060040685759e+01
-4.618638638692724285e+00 3.795890139505780070e+01 -2.353638688965223125e+01
-1.443175798452975123e+01 9.007146071464745773e+00 4.673476957114537811e+00
-1.284572875197996034e+01 -3.135379936755471419e+01 1.794753750356874988e+01
-5.627747772403278503e+01 3.284090736488452222e+01 3.064134472533764697e+00
-2.926547034857051344e+01 -6.774997055223488829e+00 -1.107866251225487986e+01
-2.843013494634781679e+01 3.034244654085495263e+00 2.469024463748991494e+01
2.051542462295224745e+00 -3.475472613860485183e+01 1.402914310240524287e+01
5.170121916236627868e+01 -2.680856901304195006e+01 -1.220238971986594301e+01
6.635779824383429570e+01 -7.015680887279680533e+00 -1.275564425908627797e+01
4.774960752743410808e+00 -3.650895585985407532e+00 1.179584383924282420e+01
1.668477034544207172e+01 -7.886537574578070142e+00 1.139394993663178823e+01
1.786489759848028314e+01 8.849574101481168853e+00 -1.741270588823210375e+01
-6.975789849725138936e+00 5.544955014914669533e+01 -3.355372605432303601e+01
-2.678572534635197400e+01 1.750980570152330884e+01 6.040379407896601549e+00
-1.170059035013331972e+01 -3.079267690222930653e+01 1.598943303756209922e+01
-5.173514907489743564e+01 2.309513912665705604e+01 7.581168361797660182e+00
-8.669484565738873272e+00 -1.326962675961067717e+01 -1.351055249926678670e+01
-3.014139998053770242e+01 4.457818703433821916e+00 2.236753324226298645e+01
-3.727581480979898831e+00 -4.233036857189465252e+01 2.052142725173051829e+01
6.350909909052641211e+01 -2.436619517754551012e+01 -2.016217905017697376e+01
5.044385460730435966e+01 -8.599115542238230603e+00 -3.847744337951195970e+00
7.719046207176426755e+00 -4.526716122368318551e+00 1.189822885926353457e+01
2.092991669390392939e+00 -2.293402629347080612e+00 1.158864286498657492e+01
1.305103359754864734e+01 1.060982186718905140e+01 -1.417456158713625136e+01
-6.161553770665581631e+00 6.119052146928627423e+01 -3.637346151582740816e+01
-3.078809014440347624e+01 2.157774998976146108e+01 5.581383453490041724e+00
-5.592766154723277872e+00 -2.554562635332317910e+01 8.530116142648868305e+00
-4.175538029497219839e+01 9.340195917111856261e+00 1.322916059859555382e+01
1.323352797943126724e+01 -2.057669483756002293e+01 -1.540438780791965634e+01
-2.631791873769362411e+01 7.648889445736491766e+00 1.516949434258102691e+01
-1.158262600634948214e+01 -3.960120260430536376e+01 2.076555470962078687e+01
6.579568798914256433e+01 -1.723712840355684150e+01 -2.573845991345901041e+01
2.659818529369662699e+01 -1.339266523388488217e+01 1.066762711117452156e+01
8.882773547926307245e+00 -2.492907621625656489e+00 9.605865009610205618e+00
-1.432381857628354993e+01 4.425921289070575249e+00 1.187189769134145934e+01
4.227431360054386467e+00 9.688063789075300747e+00 -6.538867963810785611e+00
-3.240661800285159710e+00 5.711299337113385377e+01 -3.334047027513950923e+01
-2.665928356417701295e+01 2.111983431880353734e+01 3.496010687675390027e+00
5.142083995331430124e+00 -1.603530180164198171e+01 -3.783423004448417171e+00
-2.805274841808695285e+01 -6.615642795422893130e+00 1.959536345550259995e+01
2.922654575559405998e+01 -2.536398576296966567e+01 -1.619024717685197956e+01
-1.851546421305253176e+01 1.202116298123973515e+01 4.879434004545737835e+00
-2.079102141361963874e+01 -2.421517487172628336e+01 1.320678058813875211e+01
5.808559236316298779e+01 -5.807591961663110425e+00 -2.811847732179119674e+01
-8.743513034599009748e-01 -1.995254477006275451e+01 2.735710042495610850e+01
8.381944180236480690e+00 1.815756073315733854e+00 5.469120539806151093e+00
-2.567570149278313352e+01 9.206762530970733494e+00 1.169355487076913747e+01
-7.161660265612450615e+00 6.425646906299783190e+00 3.988772911236694085e+00
1.739440154650523374e+00 4.103481581905014508e+01 -2.351474683185399428e+01
-1.441898312877543731e+01 1.592893953608149893e+01 -1.930019467985192028e-01
1.805641015338913036e+01 -4.478143685112920380e+00 -1.817365588930263698e+01
-1.261211953139970099e+01 -2.265315852593272083e+01 2.585913385952620658e+01
3.287593653400941207e+01 -2.451794950691545694e+01 -1.487398997942654333e+01
-9.728653275533517331e+00 1.582790279518384047e+01 -5.187166559711589464e+00
-3.129953261512877560e+01 9.510380285294901981e+00 -5.066760609318810005e+00
4.055103026476018613e+01 9.503168118517054452e+00 -2.673612005851066797e+01
-2.479536771951161711e+01 -2.404449245848458716e+01 3.958361094134099289e+01
6.823292010231926774e+00 7.117701860078952336e+00 5.399436921171932857e-01
-2.573278931471983810e+01 9.190388706756907666e+00 9.967975784429407682e+00
-1.835589413372652245e+01 2.358811361227906911e+00 1.441580631279420466e+01
9.292791514101141459e+00 7.142598183903494657e+00 -4.246099749002696377e+00
5.546355470186723480e+00 5.946264307492578283e+00 -5.499040003793626674e+00
2.743494961090901541e+01 4.618384872877128622e+00 -2.875729244462249667e+01
2.115021862484575355e+00 -3.598756671781464433e+01 3.056999028411382113e+01
2.379064007791343727e+01 -1.771732329013827112e+01 -1.083800358245161810e+01
-4.634360261044036200e+00 1.622800136394060999e+01 -1.027776692583766938e+01
-4.203228979011559119e+01 6.136198059565513319e+01 -3.294885033059543389e+01
1.769239494913138699e+01 2.626917079884612960e+01 -2.242674605644992170e+01
-3.671552123374976162e+01 -2.125272341284485123e+01 3.996956384461059741e+01
5.283782557802966018e+00 1.136890775675435528e+01 -3.529405794679284725e+00
-1.426093445852143837e+01 4.198590993693981588e+00 5.917039734944073537e+00
-2.517548519484406455e+01 4.425782547947095247e-01 2.025888754235066713e+01
1.877436937932581884e+01 -4.493193420963685014e+01 2.365071076122167071e+01
2.884367836004493668e+01 -6.687613863862186037e+00 -1.152693389639855859e+01
2.631870256575021116e+01 6.707930544790305483e+00 -2.881848439500677728e+01
1.415387848734355281e+01 -4.429347839074070947e+01 3.231738137237918096e+01
8.529763953643110241e+00 -7.940940696484352301e+00 -4.783333838836532514e+00
-6.843945464485417851e+00 1.150092408612146677e+01 -7.528270047461434800e+00
-4.838338290860052382e+01 1.048303287645891544e+02 -5.551164806720908018e+01
6.785033848976808057e-01 3.884384682840807557e+01 -1.860555226341091739e+01
-3.505443068175392796e+01 -1.191344887909149541e+01 2.774461268358791344e+01
4.903459935339215647e+00 1.248898381975690519e+01 -5.133387179950187118e+00
2.307250653620621872e+00 -2.898950713903854837e+00 4.554384897019334022e-02
-2.489290984424776454e+01 3.033900765830714441e+00 1.875164903807893779e+01
2.570312954565579844e+01 -8.991706081735884482e+01 4.634631695600999279e+01
4.510246958100408676e+01 -1.609731315472989266e+01 -1.573277737480370320e+01
1.379621335758356793e+01 2.363207201781256650e+00 -1.791053275571122683e+01
2.260764076503702924e+01 -4.669909412926581638e+01 3.063373293669130959e+01
-5.655775969571617878e+00 1.432173627360977530e+00 1.701331406912998778e+00
-1.632008752364142623e+01 3.091111913210513595e+00 1.576714604131509878e+00
-4.380049916183242686e+01 9.585813952713364472e+01 -5.153312065432170641e+01
7.134957935539525398e-01 4.119109998681064866e+01 -1.942361380284951977e+01
-2.606301097592676896e+01 -6.994449937922472271e-01 9.379209446705921494e+00
6.170625305662377436e+00 9.525506625218971735e+00 -3.638612846181901173e+00
1.694853856596658304e+01 -8.948303233607092011e+00 -6.222119607261841878e+00
-1.837070860257815497e+01 9.596172104111667878e+00 1.121583835126526729e+01
2.357186192768676847e+01 -8.493054475356071009e+01 4.371214715424989805e+01
4.394033717026344021e+01 -1.583977168326004481e+01 -1.498505047004026913e+01
-3.742414922976621927e+00 -3.577046176182071768e+00 -2.416455333480101775e+00
2.802417841904410167e+01 -4.435871636431571829e+01 2.643803534762376373e+01
-1.483477130270117783e+01 8.520648543248290352e+00 7.275470676442853168e+00
-2.951374343866324423e+01 -5.662988136349462742e+00 1.265265802753048519e+01
-2.961434854051007548e+01 4.006339553365981487e+01 -2.629061282444248349e+01
1.674256373121186314e+01 3.337439663020595759e+01 -2.529643899480136326e+01
-1.703374340310708845e+01 8.411866015867092372e+00 -8.148588725471817895e+00
8.583327513879098092e+00 3.299375383591879540e+00 1.828465708883794949e-01
2.603737469944366367e+01 -1.234750344845391901e+01 -1.161117940389038061e+01
-9.084282578655155760e+00 1.716032511222709900e+01 1.720146837735767154e+00
1.351778245336815409e+01 -3.522246752707695094e+01 2.080875893263690557e+01
2.643329561881563095e+01 -6.027030614503275707e+00 -8.801490222711871425e+00
-1.925763317212577519e+01 -7.211299942279238095e+00 1.107039377845975814e+01
3.157345028245558538e+01 -3.961893656585792201e+01 2.148512190960396850e+01
-1.757976087329664594e+01 1.258529624752681819e+01 1.113151813701464654e+01
-4.201331901666739554e+01 -1.211501838672032250e+01 2.166417622311721658e+01
-1.333033963808139788e+01 -1.757592711216662806e+01 -1.990600720261840539e+00
3.689765512587565155e+01 2.120921087622100032e+01 -3.231478086568009900e+01
-1.171538703166142881e+01 1.396123821612333771e+01 -2.122071690289732615e+01
1.106470776404019851e+01 -4.174298253047656893e+00 4.731211051805916945e+00
2.848450960853646308e+01 -1.265852191518527725e+01 -1.529217351292006377e+01
-4.157170246316450046e-01 2.278555431820165822e+01 -6.088800059991269720e+00
2.635551283887054730e+00 1.597719417315661694e+01 -1.518624762969668085e+00
3.577161200874187319e+00 7.023030609359438792e+00 3.559836347762657810e-02
-2.917851168133063311e+01 -7.398822207611063462e+00 1.937806995387932574e+01
3.436183855080436444e+01 -3.485151052335891109e+01 1.741922079192784167e+01
-1.362541829129289539e+01 1.341921815044021216e+01 1.282702953167087756e+01
-5.055618036953136851e+01 -1.521883282056948872e+01 2.635986598984744234e+01
6.311701311810602455e-01 -5.468262123572925759e+01 1.165050480455688664e+01
5.061218435055473464e+01 1.024594540405478682e+01 -3.634130440654072203e+01
-1.109699057041311399e+01 1.588471906398142863e+01 -2.866576362105873699e+01
1.262208991914519984e+01 -1.072366903848806707e+01 8.430892522928999711e+00
2.423972612147447947e+01 -9.919877675801291872e+00 -1.674491758702475863e+01
5.566418385299248150e+00 2.492989799060332956e+01 -1.029680291947212467e+01
-5.233253514960022557e+00 4.792145560327735865e+01 -1.466053498221955920e+01
-1.491181650163083461e+01 1.749776486931971675e+01 8.254228825697262906e+00
-3.260976702480927969e+01 -4.502490973551382503e+00 2.176758223550815785e+01
3.701844291081339122e+01 -3.170835052987658287e+01 1.525226350222042981e+01
-2.963971682131876229e+00 1.105038778278250966e+01 1.196718675509801066e+01
-5.335540586119199702e+01 -1.493966907862492022e+01 2.593323466350200235e+01
1.149640017683875115e+01 -7.245236851157646640e+01 1.593503347312052476e+01
5.407129345684902688e+01 2.797171648704497748e+00 -3.556533597530882673e+01
-1.553384750598570818e+01 1.442365526575417967e+01 -2.993364285596596019e+01
1.272467178554623324e+01 -1.480645625529548681e+01 1.029609024070963130e+01
1.349138013615198695e+01 -4.300719876255960195e+00 -1.558877238938200094e+01
7.894403129039999634e+00 2.320093812697263758e+01 -1.028088089327578381e+01
-1.000476708440465146e+01 6.259180325897384733e+01 -2.016143791169684363e+01
-2.548832034021792481e+01 2.323681041523252233e+01 1.411143081848795511e+01
-2.935028030712880565e+01 9.067977532092287296e-01 1.803483057249086485e+01
3.976731841868788564e+01 -3.085735516802412093e+01 1.519452585006434653e+01
1.321087641583534378e+01 6.030347357429555188e+00 8.699790607557584821e+00
-4.965128111665283939e+01 -1.177138271193381236e+01 2.039285691984061799e+01
1.931776499802807123e+01 -7.613236653048883795e+01 1.384340668435513955e+01
4.749050077149422577e+01 -7.864985267575876904e-01 -2.992261827284632503e+01
-2.530020634992355966e+01 9.873062626109978979e+00 -2.460746599127796586e+01
1.129950399201023536e+01 -1.572120138465485262e+01 9.989749840064854780e+00
-2.552527172610487671e+00 3.573755521330292062e+00 -1.191735497533717414e+01
6.255309567134436755e+00 1.782693233515250952e+01 -6.077633178283448068e+00
-1.240627632283905157e+01 6.537772976174701967e+01 -2.063011847085096306e+01
-2.816568606424315391e+01 2.420548196622774739e+01 1.710355864793537961e+01
-1.926529713692110590e+01 8.381494753862130054e+00 7.931302338777951100e+00
4.245325051772185532e+01 -3.225898558925274529e+01 1.695757452631633555e+01
3.061019437856237246e+01 1.258393848183121944e-01 4.424772227970981575e+00
-3.960910373341433655e+01 -6.635947618135331183e+00 1.048401687119621606e+01
2.341716083171982277e+01 -6.737310459964245979e+01 6.851876239133598112e+00
3.184248355074294778e+01 -1.887899085882417394e-01 -1.996661335714798469e+01
-3.934135352406378416e+01 2.936759448784621807e+00 -1.337673846440226910e+01
8.580100893392001993e+00 -1.335953100762599277e+01 7.613050360480519529e+00
-1.978525736397084600e+01 1.182528185967360557e+01 -7.032906131379481174e+00
9.397730793779774938e-01 9.612248287111873069e+00 1.676891624392216729e+00
-1.248244401380823376e+01 5.773208590964270570e+01 -1.680732500451644640e+01
-2.321584271826345613e+01 2.050818043899205634e+01 1.688873877010338731e+01
-3.408961897996322765e+00 1.707596458004316275e+01 -7.713336476325501678e+00
4.466279303158678715e+01 -3.511468464727775540e+01 1.977238764249107561e+01
4.173471972578929012e+01 -3.548874613186136173e+00 1.930318295020380548e+00
-2.525700924183685103e+01 -1.248072457253432965e+00 -1.608290660849772458e+00
2.249720757403288474e+01 -4.364073697941236674e+01 -5.524015777663239035e+00
8.145811531359072433e+00 4.914346963156940973e+00 -6.327243875105116544e+00
-5.302965356147564790e+01 -4.558187826788580033e+00 -4.678457407701014925e-01
5.035415787806348575e+00 -8.323850781609934302e+00 3.709246307892255512e+00
-3.103302277513856566e+01 1.735574139173849062e+01 -3.682126568627321461e+00
-6.430477943368664739e+00 2.442140228647503575e-01 1.116033122947898448e+01
-9.322159571059399852e+00 3.669793431407166651e+01 -7.473677194104241472e+00
-1.065656695340783955e+01 1.207704363682000626e+01 1.310191957268362017e+01
1.365294476735572182e+01 2.514512579105478807e+01 -2.459100204462495753e+01
4.558640454881164317e+01 -3.770752263827792916e+01 2.246304998376063367e+01
3.994233975304765494e+01 -2.446661766287083761e+00 3.809811091805766381e+00
-1.104854501606551054e+01 1.917485334009225939e+00 -1.193331850528840121e+01
1.508433575248168346e+01 -7.743806161520625508e-01 -2.486741586635284662e+01
-2.119595694855313184e+01 1.391102460181753919e+01 9.803016146075886894e+00
-5.774687073295513073e+01 -9.639041925445550163e+00 5.494536253477569687e+00
1.363851331887062424e+00 -2.119720087537817932e+00 -6.779982249096236924e-01
-3.003076164240225410e+01 1.756117904932281704e+01 -4.366310038836722640e+00
-1.229649770534055797e+01 -7.603313579583957704e+00 1.886754175158311853e+01
-1.413910789388994615e+00 -2.447400533124077793e+00 9.524560339607541337e+00
8.291173096654803842e+00 -3.571955444189751638e-01 5.942864557056523722e+00
2.346444072346587362e+01 2.970554770567787273e+01 -3.406033630215787866e+01
4.423417189664989735e+01 -3.766463384379895984e+01 2.366244683728223208e+01
2.560315292924012098e+01 3.199919342844643300e+00 9.651941292464524480e+00
-2.359011765072934086e+00 1.031718126312179074e+00 -1.622828240365227259e+01
2.063828759563435256e+00 5.591778483939116740e+01 -4.929101429437220361e+01
-4.977449627834070611e+01 2.340123761970191651e+01 2.541602554249050883e+01
-4.744891282327558457e+01 -1.000573115733960350e+01 -2.386282103677030531e+00
-1.714984956449354225e+00 3.043216580070561950e+00 -4.202237395016223509e+00
-1.730431349614684677e+01 1.270119844760354333e+01 -8.746068480078498908e+00
-1.252021598822038762e+01 -1.161569026913584679e+01 2.094944954677546534e+01
1.073703087591864147e+01 -5.520732237740869408e+01 3.279905497845616935e+01
2.835514951948213991e+01 -1.344247092557121626e+01 -2.382336875319599923e+00
2.012859895500843521e+01 2.864077361733030713e+01 -2.924269545953150029e+01
3.977861455494664256e+01 -3.283775189369152514e+01 2.237457702237814416e+01
5.581684652168366512e+00 1.063944368996290457e+01 1.654933766413695295e+01
-1.916389634880200754e+00 -3.269768976498411472e+00 -1.304801449583598760e+01
-8.519996341385773775e+00 9.446222476586378036e+01 -6.527694678666495065e+01
-6.671762512631312347e+01 2.720893794911626884e+01 3.516636037957715644e+01
-2.560929311332030522e+01 -6.060268007238597932e+00 -2.159666028630968171e+01
-3.734469918469623728e+00 5.024795569841471021e+00 -5.706586052126226605e+00
3.814408522025711790e-01 5.574288683047448956e+00 -1.398934218728988554e+01
-5.727251364595399963e+00 -1.163951579608429654e+01 1.613607173268679418e+01
1.977900452684167831e+01 -9.078130299194977226e+01 4.930319979680712095e+01
3.962487397444994031e+01 -2.089407642282638733e+01 -7.209150047776073933e+00
7.079406938355218948e+00 2.257299343045710671e+01 -1.270284673958335198e+01
3.204445386606182922e+01 -2.253480167520980615e+01 1.846868710965140181e+01
-1.292366450290734470e+01 1.713555092802408097e+01 2.177388131967848039e+01
-7.741286290688181637e+00 -8.430153756092007455e+00 -4.857531880180921746e+00
-6.833306273375449713e+00 7.935675292975035688e+01 -5.550433036231166284e+01
-6.394056738304858101e+01 2.094784631601524438e+01 3.492918302189815449e+01
-9.754165040751959781e-01 -2.873933436279354492e-01 -4.319760968923157662e+01
-4.679780784571136110e+00 2.919255536616292890e+00 -4.830884097900135288e+00
1.613818130925663752e+01 -1.012641814744404956e+00 -1.748847277151123691e+01
5.317666223292962790e+00 -9.572672678094475529e+00 6.805547376285250749e+00
1.627769914586423639e+01 -7.456715202392584274e+01 4.195405758379615691e+01
3.446073369794983421e+01 -1.806632836498562611e+01 -4.708118362586620975e+00
-7.144713689581180027e+00 1.411173794627412192e+01 6.655589566591141093e+00
2.147059678121498294e+01 -8.271709021434226372e+00 1.300506522445703261e+01
-2.575569582995292350e+01 2.117401450625499493e+01 2.421956003988552197e+01
-1.481239840717378264e+01 -1.237607700496147878e+01 4.057548190549665534e+00
3.044199626150607685e+00 2.910109176278541909e+01 -2.617921318886024551e+01
-4.520024531258916767e+01 7.131117059480097886e+00 2.661278987213068348e+01
2.040420404642681262e+01 4.830118057167072543e+00 -6.021294439831379464e+01
-4.957605733965194439e+00 -2.221800351415499808e+00 -2.278307120783783279e+00
2.628356904432732222e+01 -5.547849605362666914e+00 -1.819518447987346121e+01
1.607031318344334636e+01 -7.560300273840320884e+00 -3.076959132793942064e+00
3.982665930160418366e+00 -2.458311870283950284e+01 1.651438557341399971e+01
1.622911010710688373e+01 -7.369604749991969683e+00 3.625623356723742585e+00
-1.675871343514929990e+01 5.694118324158078615e+00 2.190763369182145226e+01
8.954405471397093308e+00 7.015862317979617124e+00 7.612738489408080511e+00
-3.134957309948561033e+01 2.224323423966177771e+01 2.390447183353206739e+01
-1.878995463219678896e+01 -1.443959507927404218e+01 1.035733792470761117e+01
1.061519601053617379e+01 -1.560062467595624902e+01 3.056056656011126638e+00
-2.195661642333945451e+01 -7.506474647037758352e+00 1.597446441190660238e+01
3.657442151117017914e+01 7.747222513458635440e+00 -7.002187779401505452e+01
-5.082661290726921521e+00 -8.115404694707063271e+00 6.918426917184609115e-01
2.969259616250989708e+01 -7.539442858277099369e+00 -1.618955584287771643e+01
2.320051004538651540e+01 -6.751581822537638722e+00 -1.047913247215676336e+01
-6.969435031941109138e+00 1.967266479189099115e+01 -8.258257061564465928e+00
-4.653976121425345447e+00 4.583614212854111081e+00 1.279848087741625129e+01
-2.023491378770619065e+01 -1.309475483876850532e+00 3.055342791427064597e+01
-4.649197260505464335e+00 2.052142013680110821e+01 3.660616951201582925e+00
-2.916864327423999370e+01 2.014870100223270910e+01 2.121220626150229194e+01
-1.770879486141971526e+01 -1.458960980840342714e+01 1.237088903560056430e+01
1.236775846666049361e+01 -4.129577482827956914e+01 2.389370101622802522e+01
-2.593292160660799706e+00 -1.828726471046644164e+01 7.050648393683021098e+00
4.742981991020585042e+01 7.725290743554614536e+00 -7.235295634622725913e+01
-5.428264243495087626e+00 -1.254998603869026752e+01 2.963822268614281885e+00
2.613634573916949932e+01 -6.823583722337705382e+00 -1.193025315653458129e+01
2.538367751593133903e+01 -7.397936398899611632e+00 -1.399455150143902671e+01
-1.310941870828097144e+01 4.547897030055349887e+01 -2.461515722996936617e+01
-2.072935513460808110e+01 1.330665640972113195e+01 1.931344149259038190e+01
-1.793063243129236639e+01 -6.236883085786042002e+00 3.242759044310693639e+01
-1.794562595920079673e+01 3.001438188908059246e+01 1.823169829760174832e+00
-1.937893204615941656e+01 1.491819266420309198e+01 1.683004890322803249e+01
-1.127629509227725180e+01 -1.295659832532120781e+01 9.534829554388229766e+00
9.620569197055994337e+00 -5.130550101848247380e+01 3.656929994781707904e+01
9.465289420163763623e+00 -2.354506354606681739e+01 1.231363045535803780e+00
5.235783702440109977e+01 4.277488445913182780e+00 -6.709302658926880270e+01
-6.157455571325851196e+00 -1.402325786996222412e+01 3.845905128698904107e+00
1.580194041776947955e+01 -3.355422054191697701e+00 -6.144836058196974093e+00
2.241937736122507019e+01 -9.375846456738482715e+00 -1.308829211122176517e+01
-1.531960275161429941e+01 5.631853798165359137e+01 -3.318710441425837132e+01
-2.928434981375796653e+01 1.736739801775398462e+01 2.211038309191064499e+01
-1.030275337210139419e+01 -8.334310913663102838e+00 2.756825967160703783e+01
-2.968009285989470314e+01 3.449846535442867435e+01 1.986557068714248642e+00
-3.504197599782303829e+00 6.971306258375741471e+00 1.182556171356370456e+01
-1.088607916046993723e-01 -9.726383613051964971e+00 1.960128663423580386e+00
4.131665596027416676e+00 -5.037131790197702941e+01 4.275651489721869325e+01
1.371788035643083603e+01 -2.336257272164890253e+01 -1.480137738151884985e+00
5.055801839296209010e+01 -3.024392848496816555e+00 -5.405318714732405994e+01
-7.282483625197239796e+00 -1.198799792362007288e+01 3.136228866416151728e+00
-5.882860799883592694e-03 2.455861370013246781e+00 1.899555711897909505e-01
1.476560114480599140e+01 -1.245450131437496388e+01 -7.782408211030524825e+00
-1.481947894775755614e+01 5.686815323448108472e+01 -3.589605686739597701e+01
-3.012422216930063001e+01 1.684880029968611836e+01 2.138413734485531492e+01
2.352053364110685330e+00 -6.715419007993544298e+00 1.597270583852094816e+01
-3.857638595952016658e+01 3.396942173416645261e+01 3.422417415330786916e+00
1.342530853001453295e+01 -1.679477901232479864e+00 7.667626612335759262e+00
1.407292719216821730e+01 -5.648606492370228160e+00 -8.973288494049249664e+00
-3.340321802342127278e+00 -3.940287394702244939e+01 4.219421728271920102e+01
9.879405585678327384e+00 -1.809453313098547156e+01 -1.107161280303187612e+00
4.241380060579069067e+01 -1.381075034418823932e+01 -3.466723740912397744e+01
-8.690899317439155780e+00 -6.718798599462939336e+00 1.018351545595330032e+00
-1.677432121863006032e+01 8.784472497386506262e+00 5.686091497962874719e+00
3.931962571546949281e+00 -1.610342962237871234e+01 8.660481808393033498e-01
-1.181604668130039748e+01 4.792097771718535881e+01 -3.272668073068368244e+01
-2.305581491181211362e+01 1.187432862555628965e+01 1.741277348006149239e+01
1.853038540584530480e+01 -1.090730536654087368e+00 -7.931592865062162545e-01
-4.359758018925898426e+01 2.967461080678487662e+01 4.799707663050360118e+00
2.312990504339379783e+01 -7.378619365553491960e+00 5.516528500281569158e+00
2.774832904838267567e+01 -2.200237372019192339e+00 -1.976302795285320357e+01
-1.310278047914213850e+01 -1.552191339772325662e+01 3.222134405521309475e+01
-2.197479151051538349e+00 -8.416258298955737516e+00 2.343207135211847980e+00
3.146930906069235689e+01 -2.486427343919709543e+01 -1.447187195653911651e+01
-1.012920601395090792e+01 5.126199915425273534e-01 -1.877068977499966929e+00
-2.678244299225117686e+01 1.221349375303064910e+01 9.278176263272969848e+00
-6.864766119580027137e+00 -1.920045997103615321e+01 9.786873557067861995e+00
-5.496341073904383201e+00 2.642800685462142241e+01 -2.123933430151820900e+01
-7.900016808343899299e+00 2.645117306477794639e+00 1.057836083516290415e+01
3.372307086083579009e+01 6.107916689492363105e+00 -1.717289363502854371e+01
-4.461363598429826283e+01 2.409467761307275069e+01 4.533311661930695458e+00
1.977408336733360983e+01 -7.181965088324890445e+00 5.076598185048670331e+00
3.669930868126921553e+01 -1.322384337468370585e+00 -2.542258076411956580e+01
-2.630035909191159149e+01 2.535023141860001417e+01 9.394537376296588249e+00
-2.032392629790221150e+01 3.732976969115248789e+00 7.924088986178538185e+00
2.384964418750437076e+01 -2.966792158731860951e+01 -1.863707140069390755e+00
-1.124112718202888672e+01 7.585714801690170539e+00 -4.540896176680958796e+00
-2.451085355065129434e+01 1.004233035422079823e+01 1.128596783880913179e+01
-1.362443643103441815e+01 -2.016581359328353429e+01 1.434758836961829509e+01
5.350425729936297614e+00 -1.198577925146595469e+01 2.137942607576482246e+00
1.343527298865219066e+01 -9.483638823110226213e+00 2.106519521840518383e+00
4.150560239730940992e+01 9.001570338451029940e+00 -2.497937046642900327e+01
-4.216162023363072109e+01 2.022275081588107426e+01 1.254855356623587159e+00
5.367218149163701213e+00 -1.613626857906711676e+00 5.120267250119525215e+00
3.801272227857408836e+01 -4.260867970813167815e+00 -2.223345595501032790e+01
-4.135081117890327818e+01 7.602892612927243476e+01 -2.247682685874007902e+01
-3.635747664108795618e+01 1.391892098764023977e+01 1.249240372915961927e+01
2.326365504389363181e+01 -2.287020774831295000e+01 -1.352366649998960613e+00
-1.157778073942178132e+01 1.190718418374664900e+01 -5.787118752287987000e+00
-1.182852863912736296e+01 2.925709963412053138e+00 1.285278794777550715e+01
-1.391444213957711540e+01 -1.774928473886620139e+01 1.104438633982580420e+01
1.913113209887239563e+01 -6.086375410630753180e+01 3.406099680477137781e+01
3.325040238374778312e+01 -2.026874053376091567e+01 -4.945899303443838768e+00
3.816552843167503539e+01 2.622992247658155751e+00 -2.003002990879422285e+01
-3.711629216333570724e+01 2.005114583345931578e+01 -5.620040050792079356e+00
-1.242247938874705504e+01 5.847139110962872977e+00 4.939655952887219037e+00
3.250168650379646351e+01 -1.016507711638922373e+01 -1.133215440306929267e+01
-5.009524085357451639e+01 1.039886634468353748e+02 -4.130339491767688287e+01
-3.810069838071949277e+01 1.676552123677238271e+01 1.204026538088201015e+01
2.703218294362377705e+01 -6.484640343496598902e+00 -8.417908962578684040e+00
-1.080418039386159812e+01 1.180591383600005351e+01 -4.895265908302893543e+00
4.053959894484265192e+00 -5.774074715037690098e+00 1.462168983928817667e+01
-9.116669737326073886e+00 -1.219094179844645609e+01 8.895630225368827970e-01
2.741653380195473488e+01 -8.887994601708975040e+01 5.338118799372799828e+01
3.992992301540694200e+01 -2.393304657586119433e+01 -7.186931309052547512e+00
2.672127475829826082e+01 -1.103065689770908264e+01 -7.116665452028337668e+00
-3.041068345717595633e+01 2.333131565093248483e+01 -1.539247385862386253e+01
-2.678879188092736641e+01 1.183277269451998137e+01 4.675478623921674348e+00
2.337193478292990889e+01 -1.660046436105027112e+01 2.436000044567318668e+00
-4.425166987971037713e+01 8.075036363971318565e+01 -2.614639201949536229e+01
-2.045686401062782167e+01 1.089324745184975818e+01 5.762989655018075474e+00
2.991358586996127755e+01 1.250890917956751736e+01 -1.530310915942208361e+01
-8.888911360363357161e+00 7.623658720229714802e+00 -2.103335590929877874e+00
1.688228434330762440e+01 -1.294391477782764532e+01 1.640686950346764661e+01
-2.862462984250071063e+00 -5.120162897821521675e+00 -1.157719612938865517e+01
2.194030070438246582e+01 -6.836299879924391121e+01 3.966061819398046850e+01
2.842710517224104549e+01 -1.840356534659008148e+01 -4.348829843099756509e+00
1.312417388605419255e+01 -2.550916115427919095e+01 5.929380580004421475e+00
-2.294758497728170354e+01 2.800432895181385362e+01 -2.633625035331656861e+01
-3.427655307779721738e+01 1.452032462581612471e+01 4.712734765951656080e+00
1.378019646566177236e+01 -2.122359963512964498e+01 1.420004726428019382e+01
-2.857950577436566419e+01 2.877125312194501916e+01 8.097405109123222644e+00
8.001542107727660280e+00 6.538228805985520919e-01 -2.797938875259128988e+00
2.893254857165277372e+01 2.816320651134403263e+01 -1.741696654512668019e+01
-6.145651903435901175e+00 1.370135000377000534e+00 1.547303857596796561e+00
2.377831939181975329e+01 -1.704942707916821831e+01 1.776454744827061560e+01
1.775937370876852217e+00 1.562181174991543742e+00 -2.182644641815403830e+01
7.900574144480957628e+00 -2.110700491525708600e+01 7.098121574344689932e+00
6.270757264703492595e+00 -7.721547104863779154e+00 3.402288094210443870e-01
1.509421601778799804e+00 -3.594366997500269179e+01 1.461721336286819017e+01
-1.562062237088252203e+01 3.152831554192642471e+01 -3.640183822595464136e+01
-3.357580012281523807e+01 1.323151682605158541e+01 5.244833062573581728e+00
5.695486762247791823e+00 -2.256843868981361823e+01 2.103395830665542832e+01
-1.233914577804118373e+01 -1.612094064947645222e+01 3.586352503849373363e+01
3.424032385724530769e+01 -8.386469275340763474e+00 -9.729399157299919665e+00
2.372976355606630605e+01 3.741248430299975780e+01 -1.375210791017561185e+01
-3.111049131236807153e+00 -4.424686848818070395e+00 4.782541710028969995e+00
2.392820842386290536e+01 -1.756822638690267979e+01 1.836489807689393317e+01
3.327992815497461176e+00 6.454780170587534727e+00 -2.724499996882706299e+01
-4.843464478917261395e+00 1.844029854130848634e+01 -1.994485115972821632e+01
-1.501962784114766869e+01 2.522908907301337766e+00 3.820609183005875042e+00
-6.412064506057519431e+00 -4.052154243982353421e+01 1.796283223015550590e+01
-8.998014059567971401e+00 3.209958152494628791e+01 -4.417168621493470226e+01
-2.426424891150503882e+01 7.824306844500043212e+00 6.253217777888116835e+00
-1.274307573628483403e-01 -1.991237506443968286e+01 2.187446151927237992e+01
1.776156747866970864e+00 -4.403088769103343481e+01 4.981169194347070572e+01
5.098489518437214940e+01 -1.336764084133097263e+01 -1.354697263709118182e+01
1.469796188255536507e+01 3.921903721512461516e+01 -4.671855939030796989e+00
-2.858256875147634490e-01 -7.963768947493938377e+00 6.709457882970159659e+00
1.721804023377338666e+01 -1.433510048268348847e+01 1.806574256913093279e+01
1.451328203152253193e+00 8.808654956626988053e+00 -2.697309108323679894e+01
-1.310521022753539810e+01 4.123103489976322322e+01 -3.490572747127898623e+01
-2.923598370945543934e+01 9.481421336777675180e+00 5.181241009335250780e+00
-1.011166771295710021e+01 -3.905426256493574044e+01 1.637351945768334716e+01
-3.526419895970535290e+00 2.907814492961900754e+01 -4.884192943663273212e+01
-7.014254343933125746e+00 -1.266233314570550217e+00 7.530030992490225117e+00
-3.210792140803549355e+00 -1.316052050294135967e+01 1.662044308283145355e+01
1.437988777749316327e+01 -5.805320046120579747e+01 5.232342329667011427e+01
5.608193574743517473e+01 -1.374666261753439578e+01 -1.417326429834063006e+01
2.069417536614402753e+00 3.320605265709676956e+01 9.101452089141252699e+00
1.901634457106979204e+00 -8.318229987376625445e+00 6.890957360557053768e+00
4.251049368228399850e+00 -7.561039040677316692e+00 1.692652616019592671e+01
-3.733850919611018782e+00 8.174275992282355574e+00 -2.099323956564627736e+01
-1.750349238749416614e+01 5.079682981276208409e+01 -4.038240050865306330e+01
-3.473615498702513094e+01 1.246605951720029459e+01 4.711633137714790642e+00
-8.958961397862152509e+00 -3.161547579883290382e+01 1.028636768967188431e+01
7.061235408643987688e-01 2.267909955855885684e+01 -5.034451003378453748e+01
1.552966274167150118e+01 -1.256223083220359271e+01 8.621727973722402183e+00
-3.484783329067589808e+00 -2.744346855305502597e+00 6.038770248028542120e+00
2.595693093589951772e+01 -6.198475273849013689e+01 4.652145924416971212e+01
4.971918125964847235e+01 -9.719415725517171367e+00 -1.206215208956643892e+01
-1.441525134830028421e+01 1.993779314975424199e+01 2.670322062492228454e+01
3.256710709389297076e+00 -5.455127845301289469e+00 5.354601007677960212e+00
-1.257000152094006395e+01 1.581180408157383921e+00 1.527735667242529338e+01
-1.177834941364704058e+01 4.507606607796635245e+00 -1.004056229426260138e+01
-1.895148487457504771e+01 5.089972947934339231e+01 -3.919311752728670939e+01
-3.155563094175011685e+01 1.148219759191631439e+01 2.887034392964924479e+00
-2.413108945014617035e+00 -1.862173398453069595e+01 2.361705951675903969e-01
3.819711516078741376e+00 1.390484528562560484e+01 -4.911960260086605956e+01
3.634773274526197895e+01 -2.234132184231929941e+01 8.959470115314912775e+00
-1.762921793344192745e+00 9.546716229787953978e+00 -7.166260067475532125e+00
3.533484309380981614e+01 -5.591092841908378830e+01 3.330931992836423916e+01